,date,rating
0,20130515,1.3681437029598462
1,20130516,1.2685342188109747
2,20130517,1.5536960234940542
3,20130520,1.5109372406464379
4,20130521,0.8906342100358311
5,20130522,0.9689852330989563
6,20130523,0.7258542701710327
7,20130524,1.7312088994688524
8,20130527,1.4545144188355883
9,20130528,1.2190853040112701
10,20130529,2.7924114424634663
11,20130530,3.799522759476969
12,20130531,1.858739328985279
13,20130603,2.146985350411075
14,20130604,2.3261839896962133
15,20130605,4.070742362456015
16,20130606,1.660924894295262
17,20130607,1.7063579996660325
18,20130613,2.009289213834756
19,20130614,1.4028112450273929
20,20130617,0.882309432830582
21,20130618,1.009774726092846
22,20130619,1.8027296934033
23,20130620,0.7204841577985909
24,20130621,0.7889053555003946
25,20130624,0.9226415148558397
26,20130625,1.45879821132239
27,20130626,1.2866386533436667
28,20130627,2.094878200203498
29,20130628,1.21108996176654
30,20130701,1.4708972490872216
31,20130702,1.2610906112287723
32,20130703,1.294294449259777
33,20130704,1.0279892192666444
34,20130705,0.8740710063535844
35,20130708,1.188207992344045
36,20130709,1.3095803944803734
37,20130710,1.1610781145491398
38,20130711,1.6061768845417865
39,20130712,1.1997657091381941
40,20130715,0.9431206533606975
41,20130716,1.3731050712824924
42,20130717,0.8485103988630189
43,20130718,1.2538690366741045
44,20130719,0.7571764411654122
45,20130722,0.6475082751448973
46,20130723,0.9008389999035205
47,20130724,1.723460207039864
48,20130725,0.773734898671091
49,20130726,1.3138569123584936
50,20130729,2.7169819124029404
51,20130730,1.1564535153072817
52,20130731,1.457488061224247
53,20130801,0.8657264069876425
54,20130802,0.6074716627093305
55,20130805,4.37369349080922
56,20130806,1.560367538337954
57,20130807,2.4372195517787705
58,20130808,2.345261666747079
59,20130809,1.4353066349371042
60,20130812,2.4731900887028715
61,20130813,2.278402294126959
62,20130814,1.6764737305283028
63,20130815,1.94051383523925
64,20130816,0.7427758475566845
65,20130819,0.8541694441161585
66,20130820,3.5735231067572575
67,20130821,2.741334573445476
68,20130822,2.0673608951353457
69,20130823,0.7295276079485047
70,20130826,1.9120641822733364
71,20130827,2.130902704147121
72,20130828,1.760223074296381
73,20130829,2.861076183801087
74,20130830,2.3607366712446796
75,20130902,1.378595755479266
76,20130903,1.655371944631507
77,20130904,7.757346220828751
78,20130905,3.5959781363630663
79,20130906,1.474063501042919
80,20130909,0.9049629146820504
81,20130910,3.0085331134601416
82,20130911,2.740950493369167
83,20130912,2.9447405117560255
84,20130913,1.5307872810783623
85,20130916,1.730621315003676
86,20130917,2.2692734357417255
87,20130918,2.0136438831119925
88,20130923,1.2300147331567408
89,20130924,1.0307428350491923
90,20130925,2.8362917198682718
91,20130926,1.6404084392707845
92,20130927,1.8074514278098937
93,20130930,1.236039033800978
94,20131008,0.9283103836833344
95,20131009,0.986644178524609
96,20131010,1.1994871309744441
97,20131011,0.7942700068098301
98,20131014,1.899145059274901
99,20131015,1.3429177443313058
100,20131016,0.7970672285730673
101,20131017,1.3617179120844431
102,20131018,1.3041046080879926
103,20131021,0.8757915880192904
104,20131022,1.381360612913295
105,20131023,0.7911572203568311
106,20131024,1.4156782529159913
107,20131025,1.2740026541515403
108,20131028,1.048384629167573
109,20131029,1.310786778980274
110,20131030,1.1729454551275114
111,20131031,2.4939439937620107
112,20131101,1.4029150204033853
113,20131104,1.4932310711917043
114,20131105,1.1371464453321734
115,20131106,1.2557276159482844
116,20131107,1.514371559926369
117,20131108,0.9098079217605172
118,20131111,2.224904842047131
119,20131112,1.3292246255091273
120,20131113,1.420490726466047
121,20131114,0.8086589875649032
122,20131115,1.0012249739405115
123,20131118,0.6188431064609148
124,20131119,0.8707867425741971
125,20131120,1.0381126055316727
126,20131121,1.0840332965005999
127,20131122,1.0237471174210389
128,20131125,1.439703494047209
129,20131126,1.143459230800385
130,20131127,1.6012526847472437
131,20131128,0.7768739144385503
132,20131129,1.6794351899334634
133,20131202,0.9505205577375899
134,20131203,1.3634214770205813
135,20131204,1.0542244127778935
136,20131205,1.8648375397564105
137,20131206,1.3045792807332448
138,20131209,1.4793247992771061
139,20131210,0.7949913501403533
140,20131211,1.1864832286133742
141,20131212,1.2458488837284065
142,20131213,1.5850601601203158
143,20131216,0.710419822487585
144,20131217,0.5280212545353382
145,20131218,0.8921387696210906
146,20131219,1.0613945129483413
147,20131220,1.1868501808723964
148,20131223,0.9169493293548973
149,20131224,0.684692152014229
150,20131225,0.9012383572645645
151,20131226,1.1032485959858178
152,20131227,0.5173072274408637
153,20131230,2.7675804444291496
154,20131231,1.5399172999595796
155,20140102,1.3177956424319952
156,20140103,1.4395598287443223
157,20140106,0.6247416498135007
158,20140107,1.1264158186795232
159,20140108,1.0241792375625733
160,20140109,0.6813753217244821
161,20140110,0.7407439794293692
162,20140113,0.806326903907018
163,20140114,1.0576630076846312
164,20140115,1.0690595205081128
165,20140116,0.9110835862033579
166,20140117,1.34174053564185
167,20140120,0.6927943906726476
168,20140121,0.6910767557101898
169,20140122,0.9988565577741055
170,20140123,1.1623531655610664
171,20140124,1.076504900987268
172,20140127,0.9226923020165166
173,20140128,1.0456972884043756
174,20140129,0.8651622116048707
175,20140130,0.7768732991164559
176,20140207,0.7251829231092494
177,20140210,1.0335722133723928
178,20140211,0.6122978623461038
179,20140212,1.4010806981986315
180,20140213,0.6780676565663722
181,20140214,1.1602190172021998
182,20140217,1.5345203826921325
183,20140218,1.404623773025472
184,20140219,1.4188140016556863
185,20140220,0.933207215929952
186,20140221,1.1876592932535635
187,20140224,1.6517907245705723
188,20140225,0.8866977150441757
189,20140226,1.1479087715033744
190,20140227,1.0203733124626717
191,20140228,0.5617392456038982
192,20140918,0.0
193,20140919,0.0
194,20140922,0.0
195,20140924,0.0
196,20140925,0.0
197,20140926,0.0
198,20140929,0.0
199,20140930,0.0
200,20141008,0.0
201,20141009,0.0
202,20141010,0.0
203,20141013,0.0
204,20141014,0.0
205,20141015,0.0
206,20141016,0.0
207,20141017,3.976257067805308
208,20141020,8.512084512268478
209,20141021,2.888762394245697
210,20141022,4.138837512256637
211,20141023,2.13353382401893
212,20141024,8.336449172866407
213,20141027,1.6683291356318735
214,20141028,1.8904220381686623
215,20141029,4.24197730896346
216,20141030,4.816146763494388
217,20141031,1.8566288431761622
218,20141103,2.688270157291679
219,20141104,5.37749022602619
220,20141105,2.7143495768608847
221,20141106,2.242010247301048
222,20141107,3.213413375178576
223,20141110,4.9930802807293535
224,20141111,1.2492355873827885
225,20141112,1.131100079106175
226,20141113,1.542145508871041
227,20141114,3.1752272782309405
228,20141117,2.6393182192072255
229,20141118,4.532671904828251
230,20141119,2.2897348695602373
231,20141120,3.4590767061033447
232,20141121,2.172255077448506
233,20141124,1.7006973587050886
234,20141125,3.690030059932999
235,20141126,1.7685111020205053
236,20141127,2.173764277299224
237,20141128,1.9434434465222397
238,20141201,3.3489261769009837
239,20141202,1.2324657284261946
240,20141203,1.763937859193992
241,20141204,0.7439690373673414
242,20141205,1.5888040043655385
243,20141208,1.256991150670342
244,20141209,1.3471880206997733
245,20141210,0.6778780086495294
246,20141211,0.794688918520206
247,20141212,2.4308853755631525
248,20141215,1.2282996571493368
249,20141216,3.0127511693887343
250,20141217,1.5461915115338585
251,20141218,1.9743228651146094
252,20141219,1.1151935055421123
253,20141222,1.864271082659376
254,20141223,1.6285708933581473
255,20141224,1.8095195134395932
256,20141225,1.2730356361921908
257,20141226,2.516346761929865
258,20141229,1.3654816336637963
259,20141230,0.7532504215881631
260,20141231,2.658984094980374
261,20150105,1.9526322537540617
262,20150106,7.368053039828265
263,20150107,2.8871398355801223
264,20150108,1.1514303412819986
265,20150109,1.2829252890781193
266,20150112,1.843623320817343
267,20150113,0.5955894548472133
268,20150114,1.7704386930587483
269,20150115,0.9504962369216032
270,20150116,1.7262658217998113
271,20150119,1.67597587705609
272,20150120,1.761044727653516
273,20150121,3.116392269109785
274,20150122,3.509890089676289
275,20150123,2.4093580939658934
276,20150126,2.7388785039384653
277,20150127,1.5119935609248176
278,20150128,3.125193489663825
279,20150129,3.517649329075887
280,20150130,1.4418554429663557
281,20150202,2.7991464414542295
282,20150203,2.4471507203662672
283,20150204,2.9157484513009257
284,20150205,1.8892361128522182
285,20150206,2.283245394030638
286,20150209,2.1308354833648364
287,20150210,1.2917932732515234
288,20150211,2.2395196732285485
289,20150212,1.9518972529679566
290,20150213,2.746070609616676
291,20150216,3.3868325940391277
292,20150217,6.379476428001892
293,20150225,6.214717452275939
294,20150226,6.51264809335675
295,20150227,3.0023327431944997
296,20150302,1.879294527615756
297,20150303,6.331727249348157
298,20150304,3.8215236646613255
299,20150305,2.5030318068124515
300,20150306,4.164556790857374
301,20150309,1.8430610619606616
302,20150310,1.5512851011996471
303,20150311,4.096162645613618
304,20150312,1.6848443363763113
305,20150313,3.250656101194006
306,20150316,1.588062855613217
307,20150317,1.9003703462188444
308,20150318,0.9358148884446109
309,20150319,5.175987289349432
310,20150320,2.791460870442511
311,20150323,1.9456860008752408
312,20150324,1.8293159557694203
313,20150325,1.235675168968503
314,20150326,1.5656775753042818
315,20150327,2.3073326859892624
316,20150330,1.0187640441785162
317,20150331,5.379657452682225
318,20150401,1.682629240175347
319,20150402,1.1991468745986733
320,20150403,0.8801337770852756
321,20150407,1.0878459229704052
322,20150408,1.41107272861286
323,20150409,1.7323266053929305
324,20150410,2.1971842270193123
325,20150413,1.1576596512428619
326,20150414,1.0204704739711954
327,20150415,1.1044763233046784
328,20150416,1.5250944565002185
329,20150417,3.4641576296310492
330,20150420,1.677947768113922
331,20150421,1.4888115402814606
332,20150422,1.0777355126975003
333,20150423,1.0599182622766417
334,20150424,1.7710596669037453
335,20150427,1.9461098116650104
336,20150428,1.2333622936985338
337,20150429,0.9842930250399979
338,20150430,3.3349128830220125
339,20150504,2.0260475269550304
340,20150505,1.1441230888582568
341,20150506,1.274010859684837
342,20150507,2.7498292030434177
343,20150508,3.0140951993186484
344,20150511,2.94615321087636
345,20150512,3.38635531009248
346,20150513,3.7592099760821043
347,20150514,5.583768112915499
348,20150515,2.2343140985537664
349,20150518,2.1258766673050205
350,20150519,1.60968742977459
351,20150520,2.4903015998670384
352,20150521,2.3572292900457263
353,20150522,2.817595382595691
354,20150525,1.6572260720413667
355,20150526,1.2401234960322935
356,20150527,1.994689438250307
357,20150528,1.050529424348316
358,20150529,1.9597054975472652
359,20150601,1.4931120226838126
360,20150602,1.2389732930612076
361,20150603,1.5434722703604622
362,20150604,2.1153529626639735
363,20150605,2.5530353173805906
364,20150608,3.624669134694675
365,20150609,3.8548904549330727
366,20150610,1.4825487474396226
367,20150611,1.723159276101746
368,20150612,0.9568178193920136
369,20150615,1.8233316894672311
370,20150616,1.3660838460309743
371,20150617,1.2056381112613963
372,20150618,1.1729101913894853
373,20150619,1.339281265172604
374,20150623,1.1566942775337223
375,20150624,2.0702224806720264
376,20150625,1.3551128123092153
377,20150626,0.5922905854120933
378,20150629,0.9526455075924155
379,20150630,1.260560908274421
380,20150701,1.692164446219074
381,20150702,1.159518032001937
382,20150703,1.0316308531625198
383,20150706,1.0983070709772818
384,20150707,0.6565211289145853
385,20150708,0.0
386,20150709,1.281938363463079
387,20150710,1.7390762550595384
388,20150713,1.7293733045456832
389,20150714,1.7060046303558833
390,20150715,1.460494755797844
391,20150716,1.187842957088569
392,20150717,1.1174267819711001
393,20150720,1.3717184335042876
394,20150721,2.3876905271334574
395,20150722,2.2954227593896954
396,20150723,1.9540808222722235
397,20150724,1.6576139675136023
398,20150727,1.2858471110014198
399,20150728,1.61897554094882
400,20150729,1.2704731884928708
401,20150730,1.3956209000332087
402,20150731,2.0655185646083165
403,20150803,1.3167467957028716
404,20150804,1.297078040370415
405,20150805,2.2116339161990224
406,20150806,1.933377541401453
407,20150807,1.4068496277797438
408,20150810,1.635889439208306
409,20150811,1.333015807629785
410,20150812,2.921650053686783
411,20150813,1.4044158790501482
412,20150814,1.257018305238741
413,20150817,1.9446176765082404
414,20150818,1.2222269717031486
415,20150819,1.2270719494527114
416,20150820,1.4493806322588363
417,20150821,1.5532587874996524
418,20150824,0.6614360721052054
419,20150825,0.0
420,20150826,1.2003005217561782
421,20150827,1.6848810314120912
422,20150828,1.400828937078378
423,20150831,2.6118205086694437
424,20150901,1.4802580434944694
425,20150902,1.3159175842978519
426,20150907,1.4186775257974291
427,20150908,1.4049397006491744
428,20150916,2.3313523547555346
429,20150917,2.079372446910895
430,20150918,2.2813656563955615
431,20150921,0.9939507538155464
432,20150922,1.2515312358063855
433,20150923,1.0926478784266567
434,20150924,1.1148775529962995
435,20150925,1.2723146443100641
436,20150928,1.3827721047792962
437,20150929,1.329973962671087
438,20150930,2.808696912762576
439,20151008,2.696188336984216
440,20151009,1.3421484600840816
441,20151012,1.6109425750380666
442,20151013,2.849459857776375
443,20151014,2.976593454093452
444,20151015,2.843241130301696
445,20151016,2.4246869411660175
446,20151019,1.9082237565462823
447,20151020,1.1770726777792906
448,20151021,1.2801042747230733
449,20151022,1.7497905256988209
450,20151023,1.2815222269877495
451,20151026,1.4952572900330592
452,20151027,1.5578042847823868
453,20151028,2.588782985230443
454,20151029,2.3390315379456714
455,20151030,1.4445317188775693
456,20151102,1.7039183727158551
457,20151103,1.870516457521695
458,20151104,1.4083005630380852
459,20151105,2.201785286785134
460,20151106,2.1876875315881574
461,20151109,1.4846081227271801
462,20151110,1.2331092887745054
463,20151111,1.745294216983052
464,20151112,2.656040368910281
465,20151113,2.0699029321001037
466,20151116,1.1052363477095037
467,20151117,2.6358656603502437
468,20151118,1.5993331147545495
469,20151119,1.9123376553539846
470,20151120,2.838571713905565
471,20151123,2.4377947545227543
472,20151124,2.10962356516122
473,20151125,2.8008524563215094
474,20151126,2.3017187689193546
475,20151127,1.3876476970465041
476,20151130,1.7303202364258483
477,20151201,1.8806251022567275
478,20151202,2.289799339323993
479,20151203,1.2355307154987354
480,20151204,1.6040746567134672
481,20151207,1.5629619202788065
482,20151208,1.7285444738704778
483,20151209,2.110346977931036
484,20151210,2.21265004117708
485,20151211,1.791746518965179
486,20151214,1.6001282186638255
487,20151215,1.7512642635401166
488,20151216,1.5634876580925061
489,20151217,1.5442195742729403
490,20151218,2.629306105023298
491,20151221,1.5587198123401091
492,20151222,1.4807746384566933
493,20151223,2.0796338508068226
494,20151224,1.7743515052445962
495,20151225,2.6330813616305924
496,20151228,1.395991718739034
497,20151229,1.247536793690523
498,20151230,2.1911213140652666
499,20151231,1.3795239221095958
500,20160104,1.3029702499097708
501,20160105,1.9329611933398156
502,20160106,1.822309111341922
503,20160107,1.1732205959314113
504,20160108,1.308771337732873
505,20160111,1.4352053888296448
506,20160112,2.517691465534652
507,20160113,1.8001651917269579
508,20160114,1.6677090062395452
509,20160115,1.4210422321855452
510,20160118,1.3939234074295461
511,20160119,1.6215080340961865
512,20160120,1.8279944907234487
513,20160121,1.5755224981235336
514,20160122,1.4059366514071845
515,20160125,1.5617514041313953
516,20160126,1.2530180014920511
517,20160127,1.3139997173555247
518,20160128,1.4341158960569864
519,20160129,1.3985137157742515
520,20160201,1.809120547450119
521,20160202,1.2965426289972677
522,20160203,1.6784868551456065
523,20160204,2.566795417449345
524,20160205,2.7231742938438064
525,20160215,1.2331800462693903
526,20160216,0.855447116862397
527,20160217,1.7212205367550972
528,20160218,1.9790353800496385
529,20160219,1.8699119375669582
530,20160222,1.3923019613477468
531,20160223,1.6759600014330116
532,20160224,3.223002023357299
533,20160225,1.1047248310434872
534,20160226,2.152751856622835
535,20160229,1.4161915541345411
536,20160301,0.958972229613794
537,20160302,1.2064001176016808
538,20160303,1.874608400511158
539,20160304,1.499184764569154
540,20160307,1.4600305082276357
541,20160308,1.5115029838369038
542,20160309,2.029066808959527
543,20160310,1.2648219104858278
544,20160311,1.1542201551171216
545,20160314,1.230502007247031
546,20160315,1.2799029834900066
547,20160316,1.9809388672785888
548,20160317,1.3411837353543943
549,20160318,1.2769266989004293
550,20160321,2.264394995054344
551,20160322,3.443149451627622
552,20160323,1.7618001741613727
553,20160324,1.471236737186355
554,20160325,2.6293990945364842
555,20160328,1.4746536845410645
556,20160329,1.8241561352039992
557,20160330,1.0908569581338436
558,20160331,2.3578605439424183
559,20160401,1.5034205966445102
560,20160405,1.5144822359130663
561,20160406,2.2146258517888633
562,20160407,1.4490278589669068
563,20160408,1.6890402955084094
564,20160411,1.1698980530401701
565,20160412,1.1872501937954356
566,20160413,3.1113289988964135
567,20160414,2.51870744958857
568,20160415,2.067965917941323
569,20160418,1.9856346930880655
570,20160419,1.8180778485198579
571,20160420,1.352323448390342
572,20160421,1.5259070479002335
573,20160422,2.3579506427519483
574,20160425,0.9047613531406736
575,20160426,1.0791548063275669
576,20160427,1.2134392129410891
577,20160428,1.2936519119269165
578,20160429,1.4367383051267753
579,20160503,1.317245221953667
580,20160504,1.41475230132125
581,20160505,3.5092425596000854
582,20160506,1.2392253807787452
583,20160509,1.5975699601732798
584,20160510,1.1623947461026898
585,20160511,1.670849288070464
586,20160512,1.8375213537243658
587,20160513,1.4682784239581912
588,20160516,1.4988340367010415
589,20160517,2.1702600075293774
590,20160518,1.4031442048313594
591,20160519,3.787778870622289
592,20160520,2.1548149569346298
593,20160523,1.9815712088859714
594,20160524,2.4762590473518844
595,20160525,2.7931201965999706
596,20160526,1.6675897274205218
597,20160527,1.6918946572827531
598,20160530,0.8526188455313634
599,20160531,1.0318570543862222
600,20160601,1.7541055591213845
601,20160602,2.0784835526251673
602,20160603,1.5376011458039525
603,20160606,1.3492528663037007
604,20160607,1.977361455834055
605,20160608,5.370385583174424
606,20160613,1.7800609336510658
607,20160614,7.776624920012684
608,20160615,1.5764237365530798
609,20160616,2.5801746533510275
610,20160617,2.4327600622570915
611,20160620,1.6739735064320351
612,20160621,1.8765031901825429
613,20160622,1.9650372828541778
614,20160623,2.4187683315252317
615,20160624,1.4995019271285581
616,20160627,1.2701122162258616
617,20160628,2.3014589170908075
618,20160629,2.51348499900395
619,20160630,1.9633696583669522
620,20160701,4.492859625934203
621,20160704,2.514331850805503
622,20160705,4.957924116955762
623,20160706,1.8084537452632816
624,20160707,2.255620987666206
625,20160708,3.336587491850476
626,20160711,2.7091853253954064
627,20160712,1.0972066156458136
628,20160713,3.52557619847334
629,20160714,3.5494816689345607
630,20160715,3.174345459161756
631,20160718,1.878463402779589
632,20160719,1.4632561885636581
633,20160720,1.5882303363125845
634,20160721,1.1948333676069953
635,20160722,1.9192050541359078
636,20160725,1.9089195469506368
637,20160726,1.2686859964494677
638,20160727,1.5952777954647503
639,20160728,1.8089658455859225
640,20160729,3.593101682724082
641,20160801,1.9137475137846263
642,20160802,1.3144076938335916
643,20160803,1.5061673306715742
644,20160804,2.4797876149398235
645,20160805,2.1739858719071115
646,20160808,2.1053226808346284
647,20160809,1.0048470237304716
648,20160810,2.676549183244631
649,20160811,1.726901640547305
650,20160812,0.9441103609312466
651,20160815,1.225572278410689
652,20160816,2.3334050719070185
653,20160817,2.3804017454946664
654,20160818,1.573050668917069
655,20160819,1.7214956519703029
656,20160822,1.2478270534340647
657,20160823,0.8301245703650836
658,20160824,2.630999714253182
659,20160825,1.0867355466803001
660,20160826,1.020525932269469
661,20160829,3.5447141569664207
662,20160830,2.7854487417281777
663,20160831,1.9379654327240623
664,20160901,1.898184614094089
665,20160902,1.8414258030986057
666,20160905,1.941533375090296
667,20160906,1.2537081383490662
668,20160907,1.4274807087665387
669,20160908,2.463549952412491
670,20160909,2.1918577961472034
671,20160912,1.4607150470056982
672,20160913,2.35105901798986
673,20160914,1.4993212181163982
674,20160919,2.172183433895616
675,20160920,2.5650733028398016
676,20160921,1.5715125260867495
677,20160922,1.9012655747074039
678,20160923,2.6153892586111858
679,20160926,1.3720994867864664
680,20160927,1.450499459381948
681,20160928,1.8352808528934823
682,20160929,1.5195849006907522
683,20160930,0.9813641253637512
684,20161010,1.4042032819908368
685,20161011,2.7144115458104086
686,20161012,2.0327846530328575
687,20161013,2.6007078032600845
688,20161014,1.0277818943880546
689,20161017,1.5002109914941666
690,20161018,1.0586243765641166
691,20161019,1.947625508814375
692,20161020,2.0067993363969183
693,20161021,1.2536737359812935
694,20161024,1.426152881891335
695,20161025,3.0031008401396715
696,20161026,5.938756251580117
697,20161027,7.278813532885187
698,20161028,2.3513520557046297
699,20161031,2.482035859372306
700,20161101,1.915078515152515
701,20161102,3.158419596530931
702,20161103,1.4581356136538701
703,20161104,1.9269851157692663
704,20161107,2.2180692419505834
705,20161108,2.7833302185851507
706,20161109,1.7385990321358922
707,20161110,1.0981211707459855
708,20161111,0.9866830328930413
709,20161114,2.2094190746631557
710,20161115,1.3608239942628986
711,20161116,1.7520126117276236
712,20161117,1.4411636991314456
713,20161118,1.9437175019440325
714,20161121,1.498308793203859
715,20161122,1.652114846041769
716,20161123,1.0984050682788709
717,20161124,1.10731552913133
718,20161125,0.8689592751267594
719,20161128,1.572492429693935
720,20161129,2.0282897366466
721,20161130,1.7185068370405874
722,20161201,1.4846344184891702
723,20161202,1.348879541344518
724,20161205,2.24378255699991
725,20161206,2.518656284987825
726,20161207,1.311493916546943
727,20161208,2.1879688499663392
728,20161209,1.4435510462448702
729,20161212,1.3915239841114877
730,20161213,1.4020933236898414
731,20161214,2.368381487386654
732,20161215,3.2513201441331225
733,20161216,4.065612532409751
734,20161219,1.8413452263561185
735,20161220,2.0752279253244157
736,20161221,1.3810750823516769
737,20161222,1.9832261462133982
738,20161223,1.7956010342825144
739,20161226,1.010631259712789
740,20161227,2.5620973889389806
741,20161228,1.8923124011657362
742,20161229,2.1455930117287427
743,20161230,1.9481784769970252
744,20170103,2.6791449996346492
745,20170104,0.8299418310308504
746,20170105,3.5445298157623006
747,20170106,2.6142099305290967
748,20170109,3.7273803745149525
749,20170110,2.2160045866842344
750,20170111,2.425482397711659
751,20170112,2.485020871725674
752,20170113,1.7132322665867614
753,20170116,1.5294430313585787
754,20170117,1.4002651435436984
755,20170118,1.29255380411767
756,20170119,1.6719645894075692
757,20170120,1.4806938066195021
758,20170123,1.8379567471185931
759,20170124,3.2343635169613547
760,20170125,2.43718464886302
761,20170126,2.79203026386699
762,20170203,2.465584930663655
763,20170206,1.3456200827292468
764,20170207,1.6989965869761567
765,20170208,1.6213326539602793
766,20170209,1.7975517974150625
767,20170210,1.8340082344991304
768,20170213,1.8250148133643
769,20170214,1.767155831150389
770,20170215,1.9214171993477716
771,20170216,2.0362389041329774
772,20170217,2.653590698481268
773,20170220,1.393948537996573
774,20170221,1.6167164754789631
775,20170222,1.3464227332494687
776,20170223,1.4468397757288436
777,20170224,1.3438773127669517
778,20170227,1.7168806445365474
779,20170228,1.628056391402602
780,20170301,2.9882155108238253
781,20170302,1.7726228909097361
782,20170303,1.654220676503922
783,20170306,1.765123128341631
784,20170307,3.678894685637211
785,20170308,2.312001880783708
786,20170309,1.2890926730193435
787,20170310,2.9765267726360483
788,20170313,1.4280163068170533
789,20170314,1.640221628234708
790,20170315,3.882695351040216
791,20170316,1.7701258530546737
792,20170317,1.0249967669605686
793,20170320,1.5632326348451206
794,20170321,2.314566734338329
795,20170322,1.6042001614421275
796,20170323,1.2424153581133228
797,20170324,1.0581797372566106
798,20170327,1.7447551609879126
799,20170328,2.40314672164872
800,20170329,1.0476445392955105
801,20170330,1.3248495663230777
802,20170331,2.70814108090657
803,20170405,1.6872580606494612
804,20170406,1.6437388782655935
805,20170407,1.767712790671744
806,20170410,1.9773074041262986
807,20170411,2.9751403075426217
808,20170412,3.204190081584973
809,20170413,1.6322589180213423
810,20170414,1.68604210249051
811,20170417,1.9784085850678594
812,20170418,1.4355595922935793
813,20170419,1.0147691244174482
814,20170420,0.9309923796789724
815,20170421,2.1539265006150035
816,20170424,2.0851815684548245
817,20170425,1.9736052408146916
818,20170426,1.557577319107435
819,20170427,1.6780266321882071
820,20170428,2.163367605773084
821,20170502,3.898289588489892
822,20170503,3.1154347886782836
823,20170504,2.320758871173598
824,20170505,3.2052510446992795
825,20170508,1.9591324620674695
826,20170509,1.587656768041839
827,20170510,2.128436916414715
828,20170511,2.3702718800563276
829,20170512,1.3874779394019856
830,20170515,2.625073827419155
831,20170516,1.553631008860293
832,20170517,1.984080914608125
833,20170518,1.8312471306044888
834,20170519,1.31855473128847
835,20170522,2.440835898933854
836,20170523,2.264384177556545
837,20170524,2.1108978364758118
838,20170525,1.3853307555543712
839,20170526,2.027040712051882
840,20170531,2.1947074420452948
841,20170601,1.9675641895225566
842,20170602,1.8866994926778429
843,20170605,2.2952431192744016
844,20170606,2.1552528496700747
845,20170607,1.5506851227908007
846,20170608,3.0033202739375677
847,20170609,3.9152919146508705
848,20170612,2.9167370171206626
849,20170613,1.5305618428049974
850,20170614,2.3650202063861756
851,20170615,2.127172496283711
852,20170616,3.9292414614983224
853,20170619,3.365592215361085
854,20170620,2.4015296139271713
855,20170621,2.498340856494361
856,20170622,1.3496557961352649
857,20170623,2.3286125402129407
858,20170626,1.630523340028632
859,20170627,2.585288068635397
860,20170628,1.9791318812393988
861,20170629,2.1098469311975467
862,20170630,1.5113137983901288
863,20170703,2.025481308259097
864,20170704,1.791621682200643
865,20170705,1.4160813203178366
866,20170706,2.766161681985285
867,20170707,2.5617974116609448
868,20170710,2.5175687129299265
869,20170711,1.270417485522513
870,20170712,1.6884012671589141
871,20170713,1.7614779456150897
872,20170714,2.637695636082076
873,20170717,1.7988083385503846
874,20170718,1.4356472577489099
875,20170719,4.053573017825178
876,20170720,2.771298375289934
877,20170721,2.3191700599456753
878,20170724,8.853791149697877
879,20170725,2.6881376363116694
880,20170726,9.508110598503151
881,20170727,2.6292861494906026
882,20170728,6.896319691872878
883,20170731,2.1234836743846435
884,20170801,2.8706068228183925
885,20170802,2.924856331353672
886,20170803,1.5102398223593092
887,20170804,6.744077670230667
888,20170807,4.551337505261722
889,20170808,12.156084105273308
890,20170809,5.463699793536459
891,20170810,3.5500893704310696
892,20170811,3.605232566629605
893,20170814,2.7254770714072025
894,20170815,3.763209262805355
895,20170816,2.801209621650763
896,20170817,3.473505515700115
897,20170818,2.6907107257905567
898,20170821,3.5594327912078745
899,20170822,2.7115374207910894
900,20170823,2.4237249385478843
901,20170824,2.303103156990585
902,20170825,1.400327435812112
903,20170828,2.659950228147429
904,20170829,3.8562340371105557
905,20170830,3.687677894652416
906,20170831,2.517793540644821
907,20170901,4.354214020094792
908,20170904,2.747485425609676
909,20170905,3.697061827882211
910,20170906,1.6880218010738697
911,20170907,2.403659328004892
912,20170908,2.195104263402717
913,20170911,2.4075661973867177
914,20170912,2.9583095572759985
915,20170913,3.022610725468543
916,20170914,1.893694238475314
917,20170915,8.768474367471807
918,20170918,4.163292143218601
919,20170919,2.2648790038113775
920,20170920,6.053017104025018
921,20170921,3.7750638623140333
922,20170922,5.0498949631336005
923,20170925,4.778008341524121
924,20170926,6.982655393710019
925,20170927,4.191723693081351
926,20170928,11.844365709316607
927,20170929,8.680632175759058
928,20171009,3.6507777405079205
929,20171010,3.2002760852136087
930,20171011,6.9533630872828045
931,20171012,10.568484443252006
932,20171013,6.472807541043218
933,20171016,5.04313390331846
934,20171017,5.6534536052685365
935,20171018,4.651974974277657
936,20171019,4.011056672016581
937,20171020,3.6150480063347215
938,20171023,8.071721179639027
939,20171024,2.282395597435254
940,20171025,3.41657641651024
941,20171026,3.1871259728047767
942,20171027,3.858078577398956
943,20171030,2.534342066941668
944,20171031,2.645937313416754
945,20171101,3.376244285856091
946,20171102,3.9230681343032034
947,20171103,2.2340420756334765
948,20171106,3.143879990034852
949,20171107,3.0408663020907962
950,20171108,1.940724053754382
951,20171109,3.7051775965500817
952,20171110,3.5155921552380667
953,20171113,5.50749132677986
954,20171114,3.312782586034918
955,20171115,3.3058465703468176
956,20171116,2.365775093149662
957,20171117,1.6320007729246988
958,20171120,2.6989631231764086
959,20171121,2.357225095955979
960,20171122,6.4710491666670675
961,20171123,1.7528485160788152
962,20171124,3.0081572329962287
963,20171127,4.327457912746336
964,20171128,2.3740685591159996
965,20171129,1.785940081185593
966,20171130,3.146842375365551
967,20171201,2.9682295422207146
968,20171204,3.309181221490401
969,20171205,1.8209853609641589
970,20171206,2.936990226263004
971,20171207,3.48198697452413
972,20171208,1.981709947892254
973,20171211,1.2606387951844358
974,20171212,2.1452814763047052
975,20171213,1.787819642547445
976,20171214,4.178326309558815
977,20171215,3.1444302569838585
978,20171218,2.871732548537578
979,20171219,1.7373401876371868
980,20171220,3.5768673292658155
981,20171221,1.9137469788978125
982,20171222,2.824427447784483
983,20171225,2.208342252894384
984,20171226,1.6959954269273958
985,20171227,2.8151390079245706
986,20171228,3.29278342723357
987,20171229,2.2495451999731517
988,20180102,1.8292761340230794
989,20180103,1.4919117835670477
990,20180104,2.775910979641428
991,20180105,2.568441907469874
992,20180108,1.5461246705218419
993,20180109,1.8321198095588236
994,20180110,1.6030385031232282
995,20180111,1.9125803356606081
996,20180112,2.2140587557387077
997,20180115,2.4120245288379722
998,20180116,1.1327017185388553
999,20180117,1.6802237027692315
1000,20180118,2.4373272651469375
1001,20180119,5.152948532357212
1002,20180122,2.2503599812251163
1003,20180123,3.958838780046455
1004,20180124,1.3868225430642214
1005,20180125,3.0813244644305415
1006,20180126,2.5835287303322936
1007,20180129,1.9878676815389844
1008,20180130,2.2162861052134812
1009,20180131,1.7388803071457954
1010,20180201,1.714246486640578
1011,20180202,1.5643419024796434
1012,20180205,0.947449054684179
1013,20180206,1.8488617251206712
1014,20180207,1.7766664679177764
1015,20180208,1.6587765516587096
1016,20180209,1.3080190631642559
1017,20180212,1.5568355365545097
1018,20180213,2.208265933438294
1019,20180214,2.0567358469338286
1020,20180222,1.2601569600450122
1021,20180223,3.3357903630072254
1022,20180226,1.496545222264133
1023,20180227,7.146944256469294
1024,20180228,3.102085589406324
1025,20180301,2.015177130294845
1026,20180302,3.2992780313997554
1027,20180305,2.4022927380139545
1028,20180306,1.5557436133998177
1029,20180307,1.8842194320198011
1030,20180308,1.5575361822112486
1031,20180309,2.883769166037297
1032,20180312,2.5392308441056834
1033,20180313,2.7462768027289117
1034,20180314,2.8740542302284156
1035,20180315,2.120996686560238
1036,20180316,1.4081894422160968
1037,20180319,2.5496238638842494
1038,20180320,2.3522153869135107
1039,20180321,2.305270875899673
1040,20180322,1.836340287750735
1041,20180323,2.2986477202755458
1042,20180326,1.8301295892569225
1043,20180327,1.8788142124631506
1044,20180328,2.752031858345151
1045,20180329,1.741918765771243
1046,20180330,2.9276502474099946
1047,20180402,2.690239571849034
1048,20180403,4.290411904723682
1049,20180404,2.742211394927356
1050,20180409,3.653276196210283
1051,20180410,3.0641657342357544
1052,20180411,2.500342710932355
1053,20180412,3.3202565263054287
1054,20180413,2.366703338689847
1055,20180416,1.1353495918261571
1056,20180417,2.0318688773645954
1057,20180418,1.9661803186675801
1058,20180419,2.8925521533527143
1059,20180420,2.0328434850244403
1060,20180423,3.856512951304339
1061,20180424,1.3352828094144762
1062,20180425,2.2175333850121755
1063,20180426,0.8505254601316166
1064,20180427,2.3991099982533224
1065,20180502,2.896224464598734
1066,20180503,1.7173301508122205
1067,20180504,2.411819100689995
1068,20180507,1.523099607862452
1069,20180508,2.636212310999043
1070,20180509,4.096108745258985
1071,20180510,2.1434282558463615
1072,20180511,2.1936361215996913
1073,20180514,2.5157596646137432
1074,20180515,1.629094058042048
1075,20180516,1.9091359017481242
1076,20180517,2.2929893250423787
1077,20180518,1.3190406621913089
1078,20180521,1.2766732398418537
1079,20180522,1.8870589098920953
1080,20180523,1.8443005637715704
1081,20180524,3.299841261322806
1082,20180525,1.5153759072277342
1083,20180528,2.0439338509272957
1084,20180529,5.836422612073337
1085,20180530,1.390267075996901
1086,20180531,5.364241546948243
1087,20180601,2.316206362098865
1088,20180604,2.2917638093339043
1089,20180605,0.9370106229755998
1090,20180606,2.7601088085726104
1091,20180607,1.7884216932098298
1092,20180608,2.2975305730313105
1093,20180611,2.2010858874769386
1094,20180612,1.099638902065208
1095,20180613,2.577644882792075
1096,20180614,1.5092625249216065
1097,20180615,2.0525562251501395
1098,20180619,1.6182556380949893
1099,20180620,1.1799159657798688
1100,20180621,1.0260001204304334
1101,20180622,1.095767253329582
1102,20180625,1.863221979865183
1103,20180626,1.5943182904627053
1104,20180627,1.100897159361732
1105,20180628,1.33989886675897
1106,20180629,1.2151672658503159
1107,20180702,1.8104873974155826
1108,20180703,3.798679061749956
1109,20180704,3.7738101060613523
1110,20180705,1.513542478978084
1111,20180706,1.8105348870323104
1112,20180709,1.3545190176876205
1113,20180710,2.2077735875971025
1114,20180711,2.547735429610937
1115,20180712,1.2005192268986258
1116,20180713,2.053352642940655
1117,20180716,2.5811639397202395
1118,20180717,1.8320847717992181
1119,20180718,2.501451556091523
1120,20180719,2.284660821767673
1121,20180720,1.5967040907464365
1122,20180723,4.392394976357334
1123,20180724,1.3399819673341298
1124,20180725,2.6674829058953167
1125,20180726,2.0043249351172765
1126,20180727,2.6100781565708875
1127,20180730,1.483788740351593
1128,20180731,2.7561573367056456
1129,20180801,2.1478939356715046
1130,20180802,1.415010372703716
1131,20180803,1.6276191323819602
1132,20180806,1.134428364316265
1133,20180807,1.1051822526904658
1134,20180808,1.1201864428540194
1135,20180809,0.9302920504103136
1136,20180810,1.5274748673283036
1137,20180813,1.3566283404826127
1138,20180814,1.7134856522804625
1139,20180815,1.3060409592939146
1140,20180816,1.115717251862022
1141,20180817,1.2242536119782417
1142,20180820,1.0463960282606903
1143,20180821,1.3442299073098598
1144,20180822,5.265134420987333
1145,20180823,1.5695808449846345
1146,20180824,1.8885103655614985
1147,20180827,1.8370399292755364
1148,20180828,3.439174360725742
1149,20180829,2.1607974300464177
1150,20180830,1.5972314640689456
1151,20180831,1.4664181546523958
1152,20180903,2.1629592377196527
1153,20180904,2.0961913736499866
1154,20180905,2.099512919477409
1155,20180906,2.060724656718526
1156,20180907,1.657460399117242
1157,20180910,1.6912003122078918
1158,20180911,2.248253365601735
1159,20180912,2.1736227759687647
1160,20180913,1.8419662272298198
1161,20180914,4.25561776540455
1162,20180917,1.498936734802885
1163,20180918,1.149651741532131
1164,20180919,1.234784862066797
1165,20180920,1.3085673870501997
1166,20180921,1.2324831571781882
1167,20180925,2.4911503986676387
1168,20180926,1.6649953361546852
1169,20180927,1.628070642551033
1170,20180928,1.3723880443843004
1171,20181008,1.0466399257905248
1172,20181009,1.4673921538534334
1173,20181010,1.3388902613893603
1174,20181011,1.6409479152528523
1175,20181012,2.2365234717975935
1176,20181015,1.6079981714500713
1177,20181016,1.4694051439519074
1178,20181017,1.340338731928142
1179,20181018,1.6938144213520592
1180,20181019,0.9241768362347378
1181,20181022,1.237182905628286
1182,20181023,1.7947185760198083
1183,20181024,1.276261255863036
1184,20181025,1.3955727116383192
1185,20181026,2.1617698796483835
1186,20181029,1.4485671418420902
1187,20181030,1.2877618563543136
1188,20181031,1.0519594097120262
1189,20181101,1.6117005424451394
1190,20181102,1.0945725723912962
1191,20181105,5.316285737197563
1192,20181106,5.721909552655973
1193,20181107,2.8096526455948627
1194,20181108,1.701700436954937
1195,20181109,3.765532894228855
1196,20181112,2.1069859631108323
1197,20181113,2.211711316511182
1198,20181114,3.848476930027831
1199,20181115,4.580674008811357
1200,20181116,6.009658985508391
1201,20181119,4.9578880304617075
1202,20181120,2.005698508699127
1203,20181121,2.394875065264899
1204,20181122,3.050846941724712
1205,20181123,1.8294217653869274
1206,20181126,2.036867675907002
1207,20181127,1.9813005151014136
1208,20181128,1.5563740455188018
1209,20181129,1.9161242697973755
1210,20181130,3.211860980225046
1211,20181203,1.6625561687255186
1212,20181204,1.929741195973869
1213,20181205,2.3489520688970327
1214,20181206,1.8230895172651862
1215,20181207,1.9928016528121304
1216,20181210,2.3686814200726936
1217,20181211,5.863552799416823
1218,20181212,3.699348212214459
1219,20181213,1.5808845384769117
1220,20181214,1.956898585635321
1221,20181217,3.6277582009149514
1222,20181218,2.2100248883621467
1223,20181219,2.707965656152188
1224,20181220,2.150388507922162
1225,20181221,2.3165702417128555
1226,20181224,1.4812131419394754
1227,20181225,2.3739167373083685
1228,20181226,2.685283932671954
1229,20181227,1.709834484124388
1230,20181228,2.103513223417395
1231,20190102,2.4880403394195825
1232,20190103,4.81008710773184
1233,20190104,2.6784545032943106
1234,20190107,6.72296087954337
1235,20190108,11.092905281284743
1236,20190109,1.6697730316480979
1237,20190110,2.7344613488016094
1238,20190111,4.078922638834088
1239,20190114,3.336718782117476
1240,20190115,1.4095557649360917
1241,20190116,4.016009264715296
1242,20190117,2.1918318486662423
1243,20190118,3.7524414968079776
1244,20190121,3.586552951222102
1245,20190122,1.939751037110565
1246,20190123,1.7774586528801022
1247,20190124,3.1886620928883493
1248,20190125,2.7381474982133542
1249,20190128,1.3658373613051604
1250,20190129,1.3578751270158058
1251,20190130,6.115030941791053
1252,20190131,1.3790377141069914
1253,20190201,2.1020082963973357
1254,20190211,1.4253227307113068
1255,20190212,1.1386057126301192
1256,20190213,1.3342213790297055
1257,20190214,1.5194069978059752
1258,20190215,4.556351855633649
1259,20190218,3.324270080629862
1260,20190219,1.8115623444095545
1261,20190220,2.4089015701387986
1262,20190221,2.9390604166282084
1263,20190222,2.160119763355349
1264,20190225,1.3376001866556757
1265,20190226,1.1719950424085614
1266,20190227,2.3148418957257393
1267,20190228,2.9469097505797968
1268,20190301,1.9366768535762704
1269,20190304,1.120567788642676
1270,20190305,2.6627163570513415
1271,20190306,1.5843278020372225
1272,20190307,0.8946996314932463
1273,20190308,1.4727754756106277
1274,20190311,1.8021411517373895
1275,20190312,2.556478624497042
1276,20190313,3.6992237623675743
1277,20190314,2.687533049044812
1278,20190315,3.016423758806172
1279,20190318,1.3755282809569835
1280,20190319,6.287329049456056
1281,20190320,2.2676479449200704
1282,20190321,1.4498431784958383
1283,20190322,3.027707058537791
1284,20190325,4.754855843170515
1285,20190326,2.3567298591682406
1286,20190327,2.8111342972943043
1287,20190328,3.335982158473142
1288,20190329,1.6717011607702301
1289,20190401,2.60623290859641
1290,20190402,7.970364419437571
1291,20190403,6.428987413011136
1292,20190404,3.433391656489754
1293,20190408,2.4273300498531123
1294,20190409,4.115891237813469
1295,20190410,1.8141408477005607
1296,20190411,1.6115742707617553
1297,20190412,3.3105092770975477
1298,20190415,2.8785894713257916
1299,20190416,1.4948426818427445
1300,20190417,1.860165204585764
1301,20190418,5.131803660305936
1302,20190419,1.7766499255343224
1303,20190422,2.183008635650346
1304,20190423,2.2992997607399155
1305,20190424,2.061723651124219
1306,20190425,2.001663148928852
1307,20190426,2.042766952611563
1308,20190429,1.919886138265071
1309,20190430,2.141053427060898
1310,20190506,1.6311818762345174
1311,20190507,1.6876337877632044
1312,20190508,1.883311032635137
1313,20190509,3.5804047978903384
1314,20190510,2.1629387858852764
1315,20190513,3.8623560041571787
1316,20190514,2.205186400886548
1317,20190515,1.3648649251158531
1318,20190516,2.606321846001238
1319,20190517,1.6204418062626305
1320,20190520,3.4712470196523633
1321,20190521,1.4589737660284052
1322,20190522,2.603388322460229
1323,20190523,1.8312262132849129
1324,20190524,2.764063057769308
1325,20190527,1.2423739970410517
1326,20190528,1.66419182058932
1327,20190529,1.710287222589469
1328,20190530,1.4561126097245523
1329,20190531,2.2256276032117706
1330,20190603,1.830382597365238
1331,20190604,1.8543933143633695
1332,20190605,2.1254760112007967
1333,20190606,2.718170789704646
1334,20190610,1.3365391982312054
1335,20190611,1.7879525143092212
1336,20190612,2.452423398221913
1337,20190613,2.004339297345007
1338,20190614,1.9636211479310621
1339,20190617,3.1816200979449434
1340,20190618,1.541593571751449
1341,20190619,2.4823006033076602
1342,20190620,1.1770985689153626
1343,20190621,0.9919278158335
1344,20190624,1.9267086772551532
1345,20190625,1.6762109512554837
1346,20190626,1.127149527534168
1347,20190627,2.286539419873276
1348,20190628,1.5090851884180772
1349,20190701,2.1979522569820173
1350,20190702,3.62285857947004
1351,20190703,2.480668619391793
1352,20190704,5.150701337824174
1353,20190705,2.2924977118614027
1354,20190708,1.807377260155926
1355,20190709,1.736212974160662
1356,20190710,4.9713987112491385
1357,20190711,2.0538810426268705
1358,20190712,2.1315770380097185
1359,20190715,2.1270164277617885
1360,20190716,6.320271096870961
1361,20190717,3.854969755959291
1362,20190718,2.5450097256731103
1363,20190719,1.782591748409147
1364,20190722,1.7686771005968391
1365,20190723,2.4443425257677363
1366,20190724,1.8146285362233805
1367,20190725,4.513339709126008
1368,20190726,4.645967481673165
1369,20190729,3.2150576484648545
1370,20190730,3.804678940751304
1371,20190731,4.639707220327931
1372,20190801,2.9772134306167106
1373,20190802,3.471001066095512
1374,20190805,2.1849020133939336
1375,20190806,1.2911681965112922
1376,20190807,1.44450635408167
1377,20190808,2.7157812602774007
1378,20190809,3.2096546327440425
1379,20190812,1.2508636122575647
1380,20190813,2.416457063435973
1381,20190814,1.4931987994164797
1382,20190815,1.0239927328755967
1383,20190816,2.3636023622017
1384,20190819,2.9456216372501585
1385,20190820,8.782206906747357
1386,20190821,11.569635708184878
1387,20190822,6.236266340347444
1388,20190823,5.344210363007678
1389,20190826,2.383130314545773
1390,20190827,1.812731308882049
1391,20190828,6.32248657760696
1392,20190829,4.445613919978086
1393,20190830,2.4063935796408167
1394,20190902,1.8621731488769864
1395,20190903,4.230336948698894
1396,20190904,3.7012057124291777
1397,20190905,1.607165224380757
1398,20190906,2.5419685215663987
1399,20190909,6.128529348099701
1400,20190910,3.84453739487302
1401,20190911,4.104493403969816
1402,20190912,3.847378064673925
1403,20190916,1.9207405651597584
1404,20190917,2.0085546016253693
1405,20190918,2.1920029387124402
1406,20190919,5.201028446390318
1407,20190920,3.7546442598676157
1408,20190923,1.6981713536017329
1409,20190924,3.342728341296675
1410,20190925,2.856358140184262
1411,20190926,1.7180700812792868
1412,20190927,1.5425378466254125
1413,20190930,2.9776419108042402
1414,20191008,2.996165453970033
1415,20191009,1.1175083420448575
1416,20191010,3.6202366673261914
1417,20191011,2.4765371052947915
1418,20191014,1.4532996947609884
1419,20191015,3.865086666893037
1420,20191016,2.23441463417317
1421,20191017,2.4912113890073093
1422,20191018,1.2740341688237473
1423,20191021,3.0010578250314643
1424,20191022,1.4074458427414314
1425,20191023,1.8493078657385802
1426,20191024,2.535328167237011
1427,20191025,1.4816587018144887
1428,20191028,1.5771555708615823
1429,20191029,1.3778807576431922
1430,20191030,2.1029544417392207
1431,20191031,1.7092131340258028
1432,20191101,1.7219211289309908
1433,20191104,2.5406233197807353
1434,20191105,2.0241511696517995
1435,20191106,3.860388305965422
1436,20191107,2.0337712586204573
1437,20191108,2.0527892438306803
1438,20191111,1.9909142245629619
1439,20191112,4.215721995572167
1440,20191113,2.6493710660062573
1441,20191114,3.9028661738705117
1442,20191115,2.1837919965624515
1443,20191118,2.8269579436103727
1444,20191119,0.801366769323116
1445,20191120,2.966760211693431
1446,20191121,3.049878021215283
1447,20191122,2.4269138496907305
1448,20191125,1.8317976091345678
1449,20191126,3.7694865744424444
1450,20191127,2.7107701909765884
1451,20191128,1.3675089758634296
1452,20191129,1.4380118627883742
1453,20191202,2.6977805560738
1454,20191203,1.4252765337649915
1455,20191204,4.6914607923992895
1456,20191205,2.9870528884463052
1457,20191206,3.958467535687787
1458,20191209,5.797168966260757
1459,20191210,2.259073113619347
1460,20191211,2.036397780868567
1461,20191212,2.92412301905552
1462,20191213,2.1831952036025046
1463,20191216,2.0894141414935716
1464,20191217,2.658439963664126
1465,20191218,3.7418255595277694
1466,20191219,2.9764166897723867
1467,20191220,2.880543309790673
1468,20191223,1.807650186040489
1469,20191224,1.5281106961236888
1470,20191225,3.564395980860655
1471,20191226,7.671045664330744
1472,20191227,2.5480900955489028
1473,20191230,1.3394499967261173
1474,20191231,6.197293643469237
1475,20200102,4.142105600663654
1476,20200103,3.400622511463377
1477,20200106,1.9546492663641049
1478,20200107,5.067958091919295
1479,20200108,2.2653764473421334
1480,20200109,5.612693288426757
1481,20200110,2.3309467428627135
1482,20200113,1.3935902914218412
1483,20200114,5.813349387425118
1484,20200115,3.5514983569649394
1485,20200116,2.9260449770678685
1486,20200117,3.2967424302090444
1487,20200120,1.3662062062354141
1488,20200121,3.5356130963083854
1489,20200122,2.4945073215157216
1490,20200123,1.7168353160463272
1491,20200203,15.105862762963882
1492,20200204,1.081005250178087
1493,20200205,1.9719374647147496
1494,20200206,1.0964556682241213
1495,20200207,5.302414664283607
1496,20200210,5.360905426557686
1497,20200211,4.173269271341732
1498,20200212,2.208959370589926
1499,20200213,3.899983303061864
1500,20200214,2.6184887991585057
1501,20200217,3.1340934637035245
1502,20200218,5.061619675052613
1503,20200219,2.4829640289005974
1504,20200220,1.4839141837454146
1505,20200221,2.597029552579272
1506,20200224,2.207973218282799
1507,20200225,1.9352336635202123
1508,20200226,4.874969724547281
1509,20200227,3.852504092242436
1510,20200228,2.748503795717454
1511,20200302,2.3485157536015255
1512,20200303,1.9839614468725175
1513,20200304,3.4374539193565403
1514,20200305,5.1896815549453965
1515,20200306,2.30485654412452
1516,20200309,2.3271344186394223
1517,20200310,1.1901325636873294
1518,20200311,2.182239610510779
1519,20200312,2.032472934346668
1520,20200313,1.3935039214655642
1521,20200316,1.1909793378152778
1522,20200317,1.9338324409260021
1523,20200318,1.683979400084266
1524,20200319,1.5555857474053247
1525,20200320,3.4021137711751885
1526,20200323,1.7502109131896373
1527,20200324,2.040271769582431
1528,20200325,3.5138405406522444
1529,20200326,2.773531099610693
1530,20200327,2.8727402974149183
1531,20200330,2.838402583664992
1532,20200331,2.964467097117902
1533,20200401,1.8256814949911948
1534,20200402,1.349713050718095
1535,20200403,1.8417776396255858
1536,20200407,2.1821827930970477
1537,20200408,3.1947468225002447
1538,20200409,2.9925662671807705
1539,20200410,2.2127535474047684
1540,20200413,4.408172291199352
1541,20200414,2.0841613727777624
1542,20200415,4.635094335991329
1543,20200416,2.0631670003135367
1544,20200417,3.6391912857819504
1545,20200420,3.2531071311251107
1546,20200421,2.697691086032073
1547,20200422,1.5034880956820746
1548,20200423,7.472065489239374
1549,20200424,4.037322204305629
1550,20200427,2.715768021854724
1551,20200428,1.7775173053523043
1552,20200429,5.260507110192754
1553,20200430,2.364022378235048
1554,20200506,3.6478896440307444
1555,20200507,4.831503002433563
1556,20200508,2.502190608784729
1557,20200511,1.9428582960973364
1558,20200512,4.975033590574067
1559,20200513,5.871197750067851
1560,20200514,4.56636711753204
1561,20200515,4.40290560436385
1562,20200518,7.359942008566914
1563,20200519,9.703180522795643
1564,20200520,3.0103081329021144
1565,20200521,3.4885666272587796
1566,20200522,2.881721609644644
1567,20200525,4.391102264468797
1568,20200526,2.8739625338221257
1569,20200527,6.625314917827209
1570,20200528,2.493022186125872
1571,20200529,2.531159089941273
1572,20200601,2.107373087039279
1573,20200602,3.4164987034489913
1574,20200603,4.684037376937475
1575,20200604,4.262053445743998
1576,20200605,1.9770312696063395
1577,20200608,4.182740914582665
1578,20200609,5.989561520444428
1579,20200610,5.197031441969498
1580,20200611,2.9517576179875684
1581,20200612,4.980292282159154
1582,20200615,9.872993262600934
1583,20200616,4.7885870924378615
1584,20200617,3.8376758768476273
1585,20200618,3.225945208854859
1586,20200619,4.164871638746767
1587,20200622,3.0892653004436417
1588,20200623,8.66621861113052
1589,20200624,4.935362722490371
1590,20200629,4.427093985182137
1591,20200630,2.2567737193602646
1592,20200701,3.163331738314648
1593,20200702,1.2954938896218573
1594,20200703,2.811254992278603
1595,20200706,1.6250326783033953
1596,20200707,3.7797321621507156
1597,20200708,3.08974250349756
1598,20200709,3.3324793656523832
1599,20200710,4.041647292850611
1600,20200713,1.372767174751419
1601,20200714,1.902121567978337
1602,20200715,2.1470523271905626
1603,20200716,1.2781797528523586
1604,20200717,5.762487182132235
1605,20200720,2.689218869389604
1606,20200721,7.365363551296739
1607,20200722,4.074149366381018
1608,20200723,2.6730272081708906
1609,20200724,1.9972485786768976
1610,20200727,3.7116214961545406
1611,20200728,6.083357099026096
1612,20200729,1.2339736254898193
1613,20200730,4.785212999244787
1614,20200731,1.9159295968621022
1615,20200803,3.463005539557961
1616,20200804,2.9991304831721526
1617,20200805,4.7745843507904615
1618,20200806,5.704528672989999
1619,20200807,4.309097287486174
1620,20200810,6.936781126415571
1621,20200811,2.537060568939341
1622,20200812,2.4927732474723063
1623,20200813,4.139086004283199
1624,20200814,2.678942206389404
1625,20200817,2.8950961634260226
1626,20200818,6.829154537484643
1627,20200819,3.1604919776468785
1628,20200820,2.504469461232795
1629,20200821,3.010697416041204
1630,20200824,2.5205926809747403
1631,20200825,6.044283132826341
1632,20200826,3.4264255270688175
1633,20200827,2.9793933658573444
1634,20200828,2.0796863486971477
1635,20200831,2.7536245141601787
1636,20200901,2.4120263054104223
1637,20200902,2.1928849521397065
1638,20200903,2.27093748128947
1639,20200904,2.424159629171199
1640,20200907,2.8617397475674426
1641,20200908,2.6863360083384524
1642,20200909,3.337977870540659
1643,20200910,2.0374483940956343
1644,20200911,1.7180246579160559
1645,20200914,5.536635532626671
1646,20200915,2.4463767511597703
1647,20200916,3.9997049428501725
1648,20200917,3.5033735603554397
1649,20200918,1.9603542411876436
1650,20200921,6.539106395988672
1651,20200922,1.9249933275431836
1652,20200923,3.5793542415011537
1653,20200924,2.7970653830628356
1654,20200925,2.19580843990298
1655,20200928,2.101574274475507
1656,20200929,3.444043036042093
1657,20200930,3.372486408057429
1658,20201009,1.6103221938020265
1659,20201012,3.4224428071011204
1660,20201013,4.0778660386461025
1661,20201014,6.648669060345311
1662,20201015,2.437233172561175
1663,20201016,2.049243854694674
1664,20201019,2.0135572339743453
1665,20201020,2.053091851343998
1666,20201021,2.7085335211542465
1667,20201022,1.7769026516191222
1668,20201023,3.6550423064430633
1669,20201026,4.20423269899578
1670,20201027,3.6348363953710674
1671,20201028,2.519606607756921
1672,20201029,1.688699555837148
1673,20201030,1.0853064155732488
1674,20201102,2.1813570362293495
1675,20201103,1.4697817119373433
1676,20201104,2.8181204960245947
1677,20201105,2.5573105335223194
1678,20201106,3.880328893801978
1679,20201109,2.4919102066635936
1680,20201110,1.943112107272899
1681,20201111,3.2396173713182654
1682,20201112,4.8747774940936
1683,20201113,4.055894276739873
1684,20201116,2.8571036472023
1685,20201117,2.3211034743707044
1686,20201118,2.7177252137896413
1687,20201119,5.722359499785084
1688,20201120,5.110881243720938
1689,20201123,1.4524679558244267
1690,20201124,3.840210408676579
1691,20201125,2.9471841867243085
1692,20201126,3.2715070650188456
1693,20201127,3.074497296849202
1694,20201130,2.455388703386261
1695,20201201,4.785097097799721
1696,20201202,3.2732873683109736
1697,20201203,3.4590539475393003
1698,20201204,6.073446435621136
1699,20201207,3.462743986812224
1700,20201208,4.469875234896829
1701,20201209,1.8270546579006302
1702,20201210,2.633571302987766
1703,20201211,1.4810348319274895
1704,20201214,4.228880453868436
1705,20201215,5.5600868807622374
1706,20201216,4.504947194567275
1707,20201217,2.220411393811776
1708,20201218,3.6751058427911794
1709,20201221,4.818957903839409
1710,20201222,2.324991758368629
1711,20201223,6.260765000585593
1712,20201224,3.791587074120054
1713,20201225,3.316379468060824
1714,20201228,4.601326411466966
1715,20201229,3.6545792741486904
1716,20201230,3.6783734790836284
1717,20201231,3.0620481586818262
1718,20210104,4.35778205133714
1719,20210105,5.619611831291145
1720,20210106,6.429747757679105
1721,20210107,6.408880087064546
1722,20210108,6.5487793070799345
1723,20210111,5.281177725564794
1724,20210112,6.66260156102135
1725,20210113,4.990200940695941
1726,20210114,3.8756617309333077
1727,20210115,3.45419231688626
1728,20210118,5.575454635706992
1729,20210119,6.856085226289604
1730,20210120,7.25345825239785
1731,20210121,3.924180785315712
1732,20210122,6.459313264189319
1733,20210125,6.189848148129936
1734,20210126,4.493797115494676
1735,20210127,4.383484439174608
1736,20210128,3.2110502801015004
1737,20210129,2.7431648044955086
1738,20210201,3.806169782647995
1739,20210202,4.140313244963652
1740,20210203,4.467963479371713
1741,20210204,1.5753001767193324
1742,20210205,3.607751058855809
1743,20210208,4.785897205757029
1744,20210209,3.9151219138479982
1745,20210210,4.288543513640471
1746,20210218,3.8206783797346184
1747,20210219,1.3620938524041164
1748,20210222,2.049900472221977
1749,20210223,4.513184845471684
1750,20210224,2.319271128859493
1751,20210225,6.506666488909623
1752,20210226,3.3976685233213595
1753,20210301,2.8003602242032395
1754,20210302,3.534267977795117
1755,20210303,1.6403504669233817
1756,20210304,2.1821542729132433
1757,20210305,2.7271335438367825
1758,20210308,3.7336685498265108
1759,20210309,2.1233933140940833
1760,20210310,1.474409238921991
1761,20210311,1.5706265789204035
1762,20210312,3.3032127548512498
1763,20210315,1.872656963898321
1764,20210316,7.026626349000459
1765,20210317,5.6360165562564495
1766,20210318,3.8660560354617726
1767,20210319,4.210509206947858
1768,20210322,4.849637965590522
1769,20210323,1.913805514374429
1770,20210324,3.4964364643817536
1771,20210325,1.8914533478024893
1772,20210326,2.6674731508674787
1773,20210329,6.455697848266636
1774,20210330,9.203119714574147
1775,20210331,9.522446078321362
1776,20210401,4.768433762894964
1777,20210402,5.70780124514837
1778,20210406,3.5805848519157504
1779,20210407,4.698912232563619
1780,20210408,3.112602362187487
1781,20210409,6.860284184869125
1782,20210412,2.217628584042823
1783,20210413,4.2201898650211325
1784,20210414,2.2793572221232847
1785,20210415,2.9267214765930425
1786,20210416,4.776766297074662
1787,20210419,4.234624505843376
1788,20210420,4.107459300750178
1789,20210421,3.4367577801673095
1790,20210422,4.755443699798191
1791,20210423,3.598795632851516
1792,20210426,4.938736158601747
1793,20210427,4.237307937723945
1794,20210428,5.719534868700664
1795,20210429,3.8007223313516727
1796,20210430,4.342401853057181
1797,20210506,6.138745846204131
1798,20210507,3.4257469147078696
1799,20210510,5.292425707596299
1800,20210511,2.9813779670370897
1801,20210512,1.8831440547843714
1802,20210513,2.576093016597768
1803,20210514,3.501757208611675
1804,20210517,4.021043173261289
1805,20210518,8.757863000496226
1806,20210519,11.890745505754373
1807,20210520,3.551300332672272
1808,20210521,6.329983124882861
1809,20210524,6.869693318665024
1810,20210525,3.260911742533824
1811,20210526,3.1168312686503477
1812,20210527,3.251022909550461
1813,20210528,2.511169026542236
1814,20210531,3.3845729369594344
1815,20210601,4.984138928129358
1816,20210602,3.856286430022975
1817,20210603,2.588549240697688
1818,20210604,2.3542971393206993
1819,20210607,3.217053814416351
1820,20210608,3.7603477206068865
1821,20210609,4.578234198569857
1822,20210610,2.2870416871810697
1823,20210611,6.711677207967339
1824,20210615,2.882254053981034
1825,20210616,4.161693491406308
1826,20210617,5.641243593592927
1827,20210618,3.2930042292668804
1828,20210621,5.724447572004
1829,20210622,3.252895927585778
1830,20210623,9.192087999198238
1831,20210624,4.453396559845691
1832,20210625,4.477616086409759
1833,20210628,4.542609532823753
1834,20210629,3.077491465812221
1835,20210630,3.3281771181889908
1836,20210701,4.415785350231587
1837,20210702,5.690665107179997
1838,20210705,4.425326507546491
1839,20210706,5.7655403305509925
1840,20210707,3.226413166746169
1841,20210708,10.244783672698244
1842,20210709,6.850008269866102
1843,20210712,4.356785365157508
1844,20210713,3.4134960212918903
1845,20210714,6.289706361125479
1846,20210715,1.8355167321568162
1847,20210716,9.184806967736797
1848,20210719,6.180533722041328
1849,20210720,5.348860054571874
1850,20210721,4.554822820330768
1851,20210722,5.315457816750932
1852,20210723,5.103923939270966
1853,20210726,2.466679534022076
1854,20210727,2.6379047797302055
1855,20210728,2.2334844548372623
1856,20210729,3.7935361651917945
1857,20210730,3.94457300157394
1858,20210802,3.301990587448689
1859,20210803,5.2577577484859725
1860,20210804,2.8605034582081577
1861,20210805,8.563373076144735
1862,20210806,4.145132487032144
1863,20210809,3.0824810386162005
1864,20210810,4.131234604932514
1865,20210811,3.6661557225811534
1866,20210812,6.485685840917339
1867,20210813,3.408420779871945
1868,20210816,3.357987464815596
1869,20210817,2.5013698935742212
1870,20210818,3.372501466770461
1871,20210819,4.733815794925715
1872,20210820,5.926345795626331
1873,20210823,3.7375062169752673
1874,20210824,9.924945534008927
1875,20210825,5.1505299596720375
1876,20210826,3.047453551837762
1877,20210827,5.387554270399125
1878,20210830,3.985937625235988
1879,20210831,2.7300848197997913
1880,20210901,3.6697491439880463
1881,20210902,2.3887780888447137
1882,20210903,3.9042767162727965
1883,20210906,3.3245926214813095
1884,20210907,1.7720506572588768
1885,20210908,2.0122688049814688
1886,20210909,4.001025462702586
1887,20210910,2.932871025640173
1888,20210913,3.034859019283893
1889,20210914,2.746258779290084
1890,20210915,2.752359576076529
1891,20210916,1.1215037560212577
1892,20210917,1.7431416959132378
1893,20210922,3.3943885697306553
1894,20210923,5.495211324263101
1895,20210924,1.9400822516418679
1896,20210927,0.748186611720902
1897,20210928,2.802776775846426
1898,20210929,3.539574197943561
1899,20210930,3.019030170511685
1900,20211008,6.513499604787158
1901,20211011,8.074331959750975
1902,20211012,1.5874328730297178
1903,20211013,3.67868113304528
1904,20211014,3.2537715702312333
1905,20211015,4.027645061712673
1906,20211018,2.3002643710369832
1907,20211019,2.7673002832798876
1908,20211020,3.9391531735181395
1909,20211021,3.3132395361475457
1910,20211022,2.891242424744997
1911,20211025,5.25965643542157
1912,20211026,3.099349188867221
1913,20211027,3.351738100405505
1914,20211028,1.5531167795951
1915,20211029,2.574752813500301
1916,20211101,2.8662884252440226
1917,20211102,1.9644857382557348
1918,20211103,3.555580650518561
1919,20211104,2.552866803779201
1920,20211105,5.262199091053019
1921,20211108,4.288332453511946
1922,20211109,4.913447581583555
1923,20211110,2.2820048996378337
1924,20211111,2.0844506085613492
1925,20211112,4.39211646810942
1926,20211115,8.570533810611204
1927,20211116,4.743164657487274
1928,20211117,3.1871987791597376
1929,20211118,7.09895901686071
1930,20211119,1.962686047546607
1931,20211122,2.597985973003161
1932,20211123,5.1447515043668375
1933,20211124,5.199587037626892
1934,20211125,7.06701623329884
1935,20211126,4.302178444044164
1936,20211129,3.7176412161750565
1937,20211130,3.2074772442461685
1938,20211201,5.423605938055867
1939,20211202,4.428689229294174
1940,20211203,2.7892425082629053
1941,20211206,2.041185946666808
1942,20211207,3.2670409532302123
1943,20211208,3.0846341096428405
1944,20211209,2.948132662222975
1945,20211210,2.960594463505766
1946,20211213,5.083803204180918
1947,20211214,7.262666765216379
1948,20211215,2.4256069084356326
1949,20211216,2.6967130559626575
1950,20211217,1.7959319213289142
1951,20211220,2.481101197227845
1952,20211221,3.630629879442109
1953,20211222,3.646850699371018
1954,20211223,2.2541300444441057
1955,20211224,1.232717053081814
1956,20211227,2.6200612423854124
1957,20211228,2.4311767920059264
1958,20211229,5.227693022877104
1959,20211230,5.0077538965765225
1960,20211231,8.143689898203213
1961,20220104,6.236416947411421
1962,20220105,3.5078448598888716
1963,20220106,3.1361143056137006
1964,20220107,1.5561808081937203
1965,20220110,2.124523747923349
1966,20220111,2.5053786157395344
1967,20220112,4.98660827451045
1968,20220113,2.1891201317815443
1969,20220114,3.5719870358487857
1970,20220117,3.1888026224699106
1971,20220118,3.4453111472212528
1972,20220119,5.366980247348142
1973,20220120,6.344281658447405
1974,20220121,4.8703013682887
1975,20220124,4.61584095070555
1976,20220125,1.8212362149303167
1977,20220126,2.7911706593268697
1978,20220127,1.0632198460495292
1979,20220128,1.6752326218584501
1980,20220207,6.70810641751677
1981,20220208,1.9773860606659275
1982,20220209,1.8909994205601557
1983,20220210,3.5192098655905375
1984,20220211,1.257638385805996
1985,20220214,1.7907148483327908
1986,20220215,1.6171088456507987
1987,20220216,2.485253230521543
1988,20220217,4.251837550081464
1989,20220218,2.2591809729566568
1990,20220221,2.8940799820636154
1991,20220222,2.916467969871937
1992,20220223,3.390541097459849
1993,20220224,1.7090666279675062
1994,20220225,2.4077946707446234
1995,20220228,2.5764281660592934
1996,20220301,6.125550593142277
1997,20220302,5.710961938937594
1998,20220303,5.2942763735662535
1999,20220304,2.9073001603936293
2000,20220307,1.5957666729567475
2001,20220308,1.2632760437142592
2002,20220309,1.7890031342708101
2003,20220310,3.5624049655945873
2004,20220311,1.6073907494743542
2005,20220314,3.091084525797637
2006,20220315,1.725397616267689
2007,20220316,2.15586980876689
2008,20220317,4.9180763908715734
2009,20220318,2.2554819964857327
2010,20220321,3.0377039476787804
2011,20220322,2.12075284312604
2012,20220323,7.229617331640201
2013,20220324,2.3949844062907517
2014,20220325,2.0812794499757596
2015,20220328,1.3231895594053065
2016,20220329,4.6488602924442395
2017,20220330,2.7778800249238476
2018,20220331,8.084712111748765
2019,20220401,1.8061293286265394
2020,20220406,4.454347786633912
2021,20220407,2.0146683016584497
2022,20220408,1.6870500636490289
2023,20220411,1.2883308778352462
2024,20220412,1.2555315463452414
2025,20220413,2.551527656886022
2026,20220414,1.785725010225299
2027,20220415,2.09325785494746
2028,20220418,2.66052845716456
2029,20220419,3.2087153021744
2030,20220420,2.382177336815312
2031,20220421,1.1616501944624604
2032,20220422,5.193881306126745
2033,20220425,1.7984672592404962
2034,20220426,1.3758764103111674
2035,20220427,1.7839708581571307
2036,20220428,4.314757723168555
2037,20220429,3.3717618187658775
2038,20220505,3.579731343008657
2039,20220506,1.6686151381892438
2040,20220509,4.31536783742722
2041,20220510,2.0304482456060984
2042,20220511,2.01949068361891
2043,20220512,1.8122375899034422
2044,20220513,1.7562743689913642
2045,20220516,2.048196030955321
2046,20220517,2.388182203701273
2047,20220518,1.2363350075899948
2048,20220519,1.27176724486043
2049,20220520,1.9696233999587909
2050,20220523,3.501841489049547
2051,20220524,1.2795382981036096
2052,20220525,3.197468727385247
2053,20220526,3.115482836064404
2054,20220527,2.5636599938086424
2055,20220530,1.6077805161556078
2056,20220531,1.3312936741419472
2057,20220601,2.3388684846984664
2058,20220602,1.0282373376329383
2059,20220606,1.324144649491109
2060,20220607,3.1814977184911903
2061,20220608,2.319259014513332
2062,20220609,3.3437287364151187
2063,20220610,1.928582116500078
2064,20220613,1.670340470686201
2065,20220614,1.8420816791830859
2066,20220615,2.0901576208960866
2067,20220616,2.823396219001871
2068,20220617,2.7119435617137992
2069,20220620,6.9875003795233885
2070,20220621,2.0777575673890407
2071,20220622,2.391911297219878
2072,20220623,3.172325486183475
2073,20220624,5.062458137295479
2074,20220627,3.255159704427964
2075,20220628,2.2960291407749636
2076,20220629,1.3674704981151675
2077,20220630,2.5929484934866385
2078,20220701,2.7297955517178125
2079,20220704,2.862551469882312
2080,20220705,1.8740176620857185
2081,20220706,2.22643773107536
2082,20220707,1.5796385072392158
2083,20220708,3.989815891003642
2084,20220711,3.732187602524441
2085,20220712,5.667624238137324
2086,20220713,2.4716238000663484
2087,20220714,2.3817160407561926
2088,20220715,1.8322750553600764
2089,20220718,1.9940766928994358
2090,20220719,3.215005409825257
2091,20220720,3.695889666816534
2092,20220721,4.5472611794547735
2093,20220722,1.5518252350854058
2094,20220725,3.0739663536917394
2095,20220726,1.5176246952374128
2096,20220727,2.37819388107022
2097,20220728,2.3732041865142057
2098,20220729,4.246987054430622
2099,20220801,1.8113812714215682
2100,20220802,1.8082263524822457
2101,20220803,2.852506003615627
2102,20220804,2.4419700003706915
2103,20220805,2.1393363509156775
2104,20220808,5.222190201751448
2105,20220809,9.03885760363005
2106,20220810,3.169002599236925
2107,20220811,2.596957178956882
2108,20220812,4.351961174440026
2109,20220815,3.239197881957805
2110,20220816,3.401874369517026
2111,20220817,1.9478855495288243
2112,20220818,2.4571735052660344
2113,20220819,2.049353095673076
2114,20220822,1.7493800657716145
2115,20220823,2.7815645882015385
2116,20220824,1.2880147335645813
2117,20220825,3.876988796701279
2118,20220826,2.332755173457697
2119,20220829,2.7729149582582617
2120,20220830,3.4345784732685827
2121,20220831,1.521925654169807
2122,20220901,1.8268901650250433
2123,20220902,1.7477461554558373
2124,20220905,1.8647142712806624
2125,20220906,4.54039879255041
2126,20220907,2.3057747351776707
2127,20220908,5.714762446619428
2128,20220909,3.360172233912215
2129,20220913,1.9621442584753783
2130,20220914,3.7279252660008537
2131,20220915,0.9299770280083647
2132,20220916,2.7174873799748815
2133,20220919,4.3518558562731116
2134,20220920,2.339552807977843
2135,20220921,2.9002275943440154
2136,20220922,2.5832429733666653
2137,20220923,3.0381451299925373
2138,20220926,2.3971670571015564
2139,20220927,1.1930766770596573
2140,20220928,2.140221456266526
2141,20220929,1.4332689071533955
2142,20220930,3.8295710947755426
2143,20221010,1.5156616321032148
2144,20221011,2.3712623507702557
2145,20221012,1.9184343064850307
2146,20221013,3.167044537144352
2147,20221014,3.0641013253401796
2148,20221017,3.17068500995814
2149,20221018,2.631336574768438
2150,20221019,1.2184973709459064
2151,20221020,1.9996975924936644
2152,20221021,2.6960870790013125
2153,20221024,1.5026822760947285
2154,20221025,2.059200570040706
2155,20221026,1.9871906342556218
2156,20221027,3.1792451860509003
2157,20221028,0.9202976832530311
2158,20221031,3.185193331423195
2159,20221101,1.5067146622761458
2160,20221102,2.0681287619151245
2161,20221103,2.2215682875944065
2162,20221104,1.148487978377568
2163,20221107,3.1979379403678614
2164,20221108,3.3413334237941457
2165,20221109,2.7222406606342435
2166,20221110,2.7569842594407556
2167,20221111,1.7158712095008566
2168,20221114,2.114902863851379
2169,20221115,0.9320397893103959
2170,20221116,2.185731947323484
2171,20221117,1.9264012308160137
2172,20221118,1.691995230312785
2173,20221121,1.1806028415499517
2174,20221122,0.8923084526719876
2175,20221123,1.7907486330180251
2176,20221124,2.356633310610634
2177,20221125,3.2160120936418575
2178,20221128,2.0987314294498662
2179,20221129,1.885905396568
2180,20221130,3.8970296973988474
2181,20221201,2.4365887829853956
2182,20221202,1.5694829720389438
2183,20221205,3.0704810849548463
2184,20221206,1.9857003554317922
2185,20221207,1.6788005352236615
2186,20221208,2.9048095596444816
2187,20221209,1.623002573970117
2188,20221212,3.862819124796383
2189,20221213,3.340706754714062
2190,20221214,1.8842872050685564
2191,20221215,2.9182779260973275
2192,20221216,1.77922509012937
2193,20221219,0.4797108748329339
2194,20221220,1.9449418244655692
2195,20221221,2.5817624993937565
2196,20221222,2.512204160450328
2197,20221223,2.4431530607970298
2198,20221226,4.370652686129331
2199,20221227,1.7827713859143717
2200,20221228,4.044619443840459
2201,20221229,3.1429345246154696
2202,20221230,2.6999813639647026
2203,20230103,2.213561568181831
2204,20230104,2.3856672796143474
2205,20230105,1.2299274182150564
2206,20230106,1.6228333740053742
2207,20230109,6.05709772173021
2208,20230110,7.885096248158329
2209,20230111,1.6734476615503184
2210,20230112,4.8959365478735934
2211,20230113,2.937785478034561
2212,20230116,1.5797529916597621
2213,20230117,3.1540437289945107
2214,20230118,2.1616297354981766
2215,20230119,2.190878869855685
2216,20230120,1.3427432968743127
2217,20230130,6.241149290072302
2218,20230131,2.5891494885090998
2219,20230201,2.4231954782976803
2220,20230202,3.534738274455271
2221,20230203,1.4449705953884153
2222,20230206,2.610605038012437
2223,20230207,2.970705362272576
2224,20230208,2.1762271914256193
2225,20230209,1.1706273027909164
2226,20230210,5.572459961845279
2227,20230213,1.6045702237185382
2228,20230214,2.0849286925108643
2229,20230215,2.473393545963261
2230,20230216,0.9872976438895283
2231,20230217,1.6814592936784136
2232,20230220,1.5846637823593457
2233,20230221,1.9244615076717564
2234,20230222,1.6095323632236098
2235,20230223,0.8735693739463274
2236,20230224,2.1266299253115966
2237,20230227,1.9672117825326896
2238,20230228,0.8530833456535662
2239,20230301,0.8013601106333303
2240,20230302,1.6010933336099582
2241,20230303,2.4018083850212295
2242,20230306,3.7984359703792
2243,20230307,1.4847578844584208
2244,20230308,1.8977430186993967
2245,20230309,2.2576029030741775
2246,20230310,1.6297610707437105
2247,20230313,1.794666607105007
2248,20230314,1.138863254673488
2249,20230315,1.8603141919578623
2250,20230316,2.937442944224318
2251,20230317,2.1797512180255536
2252,20230320,3.0159984843408156
2253,20230321,1.9947668368200244
2254,20230322,2.7912261876868874
2255,20230323,1.3628584913045132
2256,20230324,2.917837666355283
2257,20230327,3.2718533737727333
2258,20230328,1.295468324392011
2259,20230329,2.1631329296348047
2260,20230330,1.1334753267708737
2261,20230331,1.066629536387652
2262,20230403,1.2274662296889571
2263,20230404,1.4615290157988583
2264,20230406,2.5235208296123393
2265,20230407,1.5503556478841907
2266,20230410,1.2128148739686984
2267,20230411,2.0092343203010445
2268,20230412,2.2456699184818625
2269,20230413,1.949422885285293
2270,20230414,1.5286385436076475
2271,20230417,1.8457922825765571
2272,20230418,1.0443607412886105
2273,20230419,4.660900403587114
2274,20230420,2.1657888856031846
2275,20230421,1.256019493925211
2276,20230424,2.9895488945949418
2277,20230425,1.2406119655101047
2278,20230426,2.8125661895213985
2279,20230427,2.690400539419599
2280,20230428,1.7605435351930283
2281,20230504,2.3871680415108156
2282,20230505,1.8015828922824446
2283,20230508,1.581367321467527
2284,20230509,2.1434116730544117
2285,20230510,2.667428829157772
2286,20230511,1.981858307433322
2287,20230512,1.7814611892460788
2288,20230515,2.6137152191435287
2289,20230516,2.2051118001554584
2290,20230517,5.219411865776713
2291,20230518,5.464507341122505
2292,20230519,1.99252981874245
2293,20230522,3.9182552084997675
2294,20230523,2.153285757286636
2295,20230524,1.9771500364921235
2296,20230525,1.6578637393895264
2297,20230526,2.2891299248815624
2298,20230529,3.3190461574721875
2299,20230530,1.8974674026398988
2300,20230531,9.62000268848035
2301,20230601,1.8537737746114173
2302,20230602,3.533622805622628
2303,20230605,2.7011183675573096
2304,20230606,0.785379557784583
2305,20230607,2.9280748401340095
2306,20230608,1.456520116116391
2307,20230609,2.404425136870885
2308,20230612,1.4856442374535375
2309,20230613,2.9349360646440465
2310,20230614,6.63763465972267
2311,20230615,5.136972548244066
2312,20230616,3.2398244254311552
2313,20230619,5.08340588483648
2314,20230620,4.943236992564324
2315,20230621,1.3264504457488941
2316,20230626,1.2118831915231971
2317,20230627,1.477913101639081
2318,20230628,1.5676183192828927
2319,20230629,3.1024529989471743
2320,20230630,5.457892972954444
2321,20230703,4.649260670730563
2322,20230704,2.814123094859658
2323,20230705,2.4680310092604163
2324,20230706,2.6070294820576487
2325,20230707,1.703035634813885
2326,20230710,2.9430495673285266
2327,20230711,1.8762472350918349
2328,20230712,1.8492908777859363
2329,20230713,1.0582228903272874
2330,20230714,2.7741733813269494
2331,20230717,2.6009723594579723
2332,20230718,3.003304616958815
2333,20230719,3.247465533631185
2334,20230720,1.8052869320202911
