,date,rating
0,19940825,0.8414385516455543
1,19940826,0.8993778037503058
2,19940829,1.043658456156918
3,19940830,0.44427110451912905
4,19940831,0.5711647519722085
5,19940901,0.6098726739766264
6,19940902,0.39842248406982833
7,19940905,0.9199077696254317
8,19940906,0.7016632263686947
9,19940907,0.7189991880504618
10,19940908,0.7680589480224772
11,19940909,0.8576296933547776
12,19940912,1.0403418341397739
13,19940913,1.3567461308597208
14,19940914,0.9738572130521178
15,19940915,0.5729264389864215
16,19940916,0.9398306880406894
17,19940919,0.8586061899799721
18,19940920,0.8094586024158336
19,19940921,0.882011846103219
20,19940922,1.153271170778076
21,19940923,1.5153794117298973
22,19940926,0.8415692532489847
23,19940927,0.5824625681597388
24,19940928,0.42883238089912606
25,19940929,0.6587634755604488
26,19940930,0.8213735116203058
27,19941005,0.7722088958663068
28,19941006,1.0493086073029192
29,19941007,1.0978877645250273
30,19941010,0.5214848836925913
31,19941011,2.45386999517672
32,19941012,1.9519861941809427
33,19941013,1.375473639453482
34,19941014,1.8344362777796226
35,19941017,2.274271657549624
36,19941018,1.4047549294118518
37,19941019,1.209428418725829
38,19941020,1.1537811305383523
39,19941021,0.9531689078771436
40,19941024,1.2765704969541583
41,19941025,1.4172495753460472
42,19941026,1.0117240023004193
43,19941027,0.9097111903147939
44,19941028,1.132236899131491
45,19941031,0.9192925465825784
46,19941101,1.5563244795795488
47,19941102,0.9689999843920288
48,19941103,1.1307149447242713
49,19941104,1.207838198982097
50,19941107,0.9467150885659387
51,19941108,2.4147979463685103
52,19941109,1.5157156229171653
53,19941110,1.3250936912414266
54,19941111,1.0689317597039327
55,19941114,1.0170078531821132
56,19941115,1.0077252155919993
57,19941116,1.0695760990024785
58,19941117,1.2403914999959118
59,19941118,0.9216221727461956
60,19941121,0.8170053639683915
61,19941122,0.9494269445010746
62,19941123,1.3096012194865638
63,19941124,0.9958720818266178
64,19941125,1.8208573664091077
65,19941128,0.8852958120726089
66,19941129,1.0939294317782722
67,19941130,0.8819535903815632
68,19941201,1.2833139033808196
69,19941202,1.2445196728090844
70,19941205,1.609980526728774
71,19941206,4.66998878650387
72,19941207,0.6882655460017696
73,19941208,0.5835808490793427
74,19941209,0.7459613256153038
75,19941212,0.7584135201968163
76,19941213,0.9699611251542554
77,19941214,0.7291518339358976
78,19941215,0.8004864935243369
79,19941216,0.7506719477371276
80,19941219,1.0247516203234859
81,19941220,0.876284964316929
82,19941221,0.719795744800611
83,19941222,2.137255762348014
84,19941223,1.3656004144185825
85,19941226,1.139558418567431
86,19941227,0.9475693411151948
87,19941228,1.3281015657376871
88,19941229,1.0982784476276415
89,19941230,0.6387002464131413
90,19950103,0.7455941130997555
91,19950104,1.0004345448112124
92,19950105,1.0883152600595423
93,19950106,0.6935475150069211
94,19950109,0.6134633534367453
95,19950110,0.7325593480792912
96,19950111,0.9042053305883099
97,19950112,0.9570097629653341
98,19950113,2.4566779018847043
99,19950116,1.8388713943358181
100,19950117,1.8797326241588592
101,19950118,1.7350785485362143
102,19950119,1.0516140676966284
103,19950120,2.0175196194627705
104,19950123,1.052981655536559
105,19950124,1.1801654682425686
106,19950125,1.1424470321272233
107,19950126,0.6160214736893594
108,19950127,1.241306494291906
109,19950206,0.8175707736672922
110,19950207,0.7592557193188418
111,19950208,1.4581792434217693
112,19950209,0.5875335066327079
113,19950210,0.6884501239968147
114,19950213,0.5743033908846222
115,19950214,0.7281282743374273
116,19950215,0.9114707279360653
117,19950216,1.4211027360417898
118,19950217,0.8173511203939585
119,19950220,0.802793147952852
120,19950221,0.5297200542588162
121,19950222,0.6967364250326601
122,19950223,0.969201228315281
123,19950224,0.6313708694004077
124,19950227,0.9887359900777893
125,19950228,0.9517466185602105
126,19950301,1.5147206341022823
127,19950302,1.3167396483484703
128,19950303,0.7005414240732958
129,19950306,1.5781157112670738
130,19950307,1.1212676785389764
131,19950308,0.855774449926608
132,19950309,1.075250737452419
133,19950310,1.3382159175076527
134,19950313,1.028619545111272
135,19950314,1.156759415072153
136,19950315,1.0821079764780919
137,19950316,0.9509068703101424
138,19950317,1.129217418646898
139,19950320,0.7862905646673026
140,19950321,0.9429417865882884
141,19950322,1.334750414546789
142,19950323,1.5854861879363384
143,19950324,0.8572580913198636
144,19950327,2.482634919941849
145,19950328,1.71953927671708
146,19950329,0.8132310040969235
147,19950330,1.9460863979617113
148,19950331,1.0739657014255006
149,19950403,0.7770023661712392
150,19950404,0.5112105495634907
151,19950405,0.8579345279957912
152,19950406,0.8115629659972767
153,19950407,0.9497775161163466
154,19950410,1.3699846282687649
155,19950411,0.9088871188435036
156,19950412,0.5735525497028793
157,19950413,1.1713368835879165
158,19950414,0.6740990713224019
159,19950417,1.1785741768500364
160,19950418,0.9543846764881205
161,19950419,0.8930840201171503
162,19950420,0.9992038231406667
163,19950421,0.8048675746966604
164,19950424,0.8320736588409235
165,19950425,1.1518190280231295
166,19950426,0.65719086948006
167,19950427,1.2362307044771472
168,19950502,0.597357996263155
169,19950503,0.7548331367847457
170,19950504,0.8351168687946562
171,19950505,1.0832287294367284
172,19950508,1.6084402152288853
173,19950509,1.155107918412429
174,19950510,1.1633468470029613
175,19950511,1.186742147381862
176,19950512,0.8406804848813175
177,19950515,0.686613714756909
178,19950516,0.9265381247367783
179,19950517,1.8359476071545022
180,19950518,1.2329253171214638
181,19950519,3.2567619003446864
182,19950522,1.555135343315847
183,19950523,1.0476665842583959
184,19950524,1.3591759700145745
185,19950525,1.5137206102014167
186,19950526,1.2158962100360748
187,19950529,1.130506163445214
188,19950530,1.4139146657103618
189,19950531,1.5144428663924572
190,19950601,0.9711952330825645
191,19950602,0.977671069408869
192,19950605,1.273945218370127
193,19950606,0.897984366453947
194,19950607,1.8633477018769866
195,19950608,1.1184066141692264
196,19950609,1.2365416687469983
197,19950612,1.1745148361437785
198,19950613,3.4947803301309075
199,19950614,0.8326351475141041
200,19950615,1.0615026389274276
201,19950616,1.116472654388406
202,19950619,1.2289395394399014
203,19950620,1.0800459608143735
204,19950621,0.9993042763320574
205,19950622,1.2387152871403917
206,19950623,0.772330571409906
207,19950626,1.142091143881894
208,19950627,0.9809839876897004
209,19950628,0.6707496466948669
210,19950629,0.9499709927451441
211,19950630,0.8634375583784387
212,19950703,1.1890233857952808
213,19950704,0.9022136422873891
214,19950705,1.018376912428431
215,19950706,1.0766625190800339
216,19950707,1.1619558020596474
217,19950710,0.8757120199742575
218,19950711,1.019981537864917
219,19950712,1.0566320568339478
220,19950713,0.7304242863417479
221,19950714,0.9712558001714517
222,19950717,0.8932645298377508
223,19950718,0.6801896420763791
224,19950719,0.5832255297464712
225,19950720,0.6039240827563741
226,19950721,0.5809483387645623
227,19950724,0.6107534926884584
228,19950725,0.4938451450175443
229,19950726,0.8899109681517876
230,19950727,0.9749680517213147
231,19950728,0.7593204485912264
232,19950731,0.698704336702807
233,19950801,2.1738344152059232
234,19950802,1.6875257816918094
235,19950803,1.1098565465189518
236,19950804,1.1099249308007222
237,19950807,0.6404708156999526
238,19950808,0.8490394774918144
239,19950809,0.6435698318442231
240,19950810,0.9606301659121561
241,19950811,0.6138082222760681
242,19950814,1.089458062206559
243,19950815,1.0855155918254178
244,19950816,1.0908159546772154
245,19950817,0.8798721987912252
246,19950818,0.4957109455381834
247,19950821,0.541592137516022
248,19950822,0.5279502231770798
249,19950823,0.4834523390969565
250,19950824,0.5919685094647287
251,19950825,0.7523738596688593
252,19950828,0.28296929827032175
253,19950829,1.1460784503130452
254,19950830,0.40680229636804327
255,19950831,0.4909739778353851
256,19950901,1.0396112662867951
257,19950904,0.96649849016027
258,19950905,0.8716761369984402
259,19950906,1.2054318776414434
260,19950907,0.7599782032953087
261,19950908,0.43701155345979636
262,19950911,1.4643016705547252
263,19950912,1.415030313443027
264,19950913,0.7784265855495088
265,19950914,0.9667640920208547
266,19950915,0.6095647790438745
267,19950918,0.6987030056511702
268,19950919,0.41318258180229167
269,19950920,0.35927855934170466
270,19950921,1.004001692288737
271,19950922,0.38214762508846956
272,19950925,1.541526925487469
273,19950926,1.161142768779372
274,19950927,0.5815641510785097
275,19950928,0.533505709814743
276,19950929,1.1856171766043264
277,19951004,0.9070832410168693
278,19951005,1.3632287631222935
279,19951006,1.291136782094825
280,19951009,0.6798353243907396
281,19951010,0.5838245828268664
282,19951011,0.5106045797177095
283,19951012,0.7909351119279793
284,19951013,1.193767124573717
285,19951016,0.6481825735866272
286,19951017,1.2077622051881431
287,19951018,1.6980641916753842
288,19951019,0.6622692485904068
289,19951020,1.1741969975957514
290,19951023,1.0103845027706007
291,19951024,1.3488205481744644
292,19951025,1.185761676748718
293,19951026,0.9878801788115005
294,19951027,1.0844451629221399
295,19951031,1.0418842627134057
296,19951101,1.2069863865842192
297,19951102,1.018001238297992
298,19951103,0.4956238876270816
299,19951106,0.4295603119235396
300,19951107,0.8417665500580503
301,19951108,1.0188872969380642
302,19951109,0.6546251724592688
303,19951110,0.6933257192627363
304,19951113,0.6691683861189548
305,19951114,0.6033762237446998
306,19951115,0.9679971337472087
307,19951116,0.6603405472145294
308,19951117,0.7421572212441309
309,19951120,0.7576109412976231
310,19951121,0.7172958660574064
311,19951122,2.04992911519618
312,19951123,0.9249844765802028
313,19951124,1.2020061272889702
314,19951127,0.8174982995454326
315,19951128,0.969137036369
316,19951129,0.9882550667816593
317,19951130,0.8013945251041363
318,19951201,0.3347241585810808
319,19951204,0.46127838178468705
320,19951205,0.736857794952245
321,19951206,1.2090597973395127
322,19951207,0.37854654780560565
323,19951208,0.7852677046138211
324,19951211,0.6612836216544649
325,19951212,0.787390666186926
326,19951213,0.7271579067360459
327,19951214,0.8337976228301767
328,19951215,0.7247089934185272
329,19951218,1.7614305929924174
330,19951219,1.8217359693554527
331,19951220,1.05847512713442
332,19951221,0.8954881135501996
333,19951222,1.1638399963703863
334,19951225,0.6547658590077263
335,19951226,1.777052018744304
336,19951227,0.7550175650324782
337,19951228,1.201763549713693
338,19951229,0.8677761689658794
339,19960102,0.69985831752871
340,19960103,0.6450117968484645
341,19960104,1.3612637793406126
342,19960105,2.2635087821743096
343,19960108,0.8462361056647686
344,19960109,0.8523173974291928
345,19960110,1.3204845043448437
346,19960111,1.22661431990991
347,19960112,1.2059990150288413
348,19960115,0.8996118478241377
349,19960116,0.9537045793094552
350,19960117,0.7922517423064326
351,19960118,1.0572666788653895
352,19960119,1.4491371219043345
353,19960122,0.9062998823925991
354,19960123,1.9685007975683766
355,19960124,0.7794886629335965
356,19960125,0.845826664641171
357,19960126,1.1941251594679778
358,19960129,0.48030729618238277
359,19960130,1.488278566929879
360,19960131,0.9513630597344784
361,19960201,0.6064940478232855
362,19960202,1.4397508340281446
363,19960205,0.6333517820838666
364,19960206,0.4733030698265605
365,19960207,0.5629131487450956
366,19960208,0.8215113981017358
367,19960209,0.6438860178843946
368,19960212,1.0476185370417102
369,19960213,1.0302105297311253
370,19960214,0.9135418868654971
371,19960215,0.9176397676351734
372,19960216,1.8166932803783342
373,19960304,1.22578520233378
374,19960305,1.0158202465957025
375,19960306,1.8075829059571598
376,19960307,1.2226021569352774
377,19960308,0.9355124437755403
378,19960311,0.7176887066027992
379,19960312,1.2046687883040237
380,19960313,1.2271654526015527
381,19960314,0.6513495303473712
382,19960315,0.640494966022364
383,19960318,0.6129547588953911
384,19960319,1.0067809142875108
385,19960320,1.100776335529794
386,19960321,0.5241343375192791
387,19960322,1.3587837617536318
388,19960325,1.050008198218781
389,19960326,1.6032969236641677
390,19960327,0.7721342893210487
391,19960328,1.0197892570194056
392,19960329,0.4416731853865099
393,19960401,0.7798987504685466
394,19960402,1.1344773374528707
395,19960403,0.7564283235290132
396,19960404,1.0377834822239655
397,19960405,0.8353113163762684
398,19960408,0.6929959935125983
399,19960409,0.8873673440730621
400,19960410,1.8058577216462035
401,19960411,1.1224922567513067
402,19960412,0.6161250551124096
403,19960415,1.148826091000162
404,19960416,0.7723380020315352
405,19960417,1.0235009821446204
406,19960418,1.2839493010489422
407,19960419,1.7179675543447215
408,19960422,0.8089471917541222
409,19960423,1.4948188725701033
410,19960424,0.7176739184211824
411,19960425,0.9315950968081904
412,19960426,0.9085103585055047
413,19960429,0.8057420603194865
414,19960430,0.9421967088032572
415,19960502,1.0537645929373798
416,19960503,0.4242666728606237
417,19960506,0.5139175414802503
418,19960507,1.1962281629156397
419,19960508,0.5800027647204752
420,19960509,0.49530709824450536
421,19960510,1.2482326886502462
422,19960513,0.2922408094351169
423,19960514,0.6919582402341854
424,19960515,0.6943630913317491
425,19960516,0.863990143973417
426,19960517,1.3802870298410324
427,19960520,1.2324098351266288
428,19960521,1.031674617625582
429,19960522,0.9087119763274797
430,19960523,0.7514456613738664
431,19960524,0.9866706466404438
432,19960527,0.7050550529998646
433,19960529,0.6748114066266728
434,19960530,0.9066091713436963
435,19960531,1.97717121372891
436,19960603,1.078464829417549
437,19960604,0.5886604872664163
438,19960605,1.0012846671327607
439,19960606,0.8345977095886375
440,19960607,1.022928049314004
441,19960610,0.7485372602876219
442,19960611,0.5639094973510715
443,19960612,1.2180586205080306
444,19960613,0.9009068493308668
445,19960614,0.7670993000405508
446,19960617,0.6572860203761177
447,19960618,0.3020589005775908
448,19960619,0.579779654625205
449,19960620,1.379651035516403
450,19960621,1.1500400928518655
451,19960624,1.7648589429259165
452,19960625,0.5425861357202363
453,19960626,1.7762722268851434
454,19960627,1.0639885181078172
455,19960628,1.0096684602345878
456,19960701,0.8210229065572708
457,19960702,1.0847874480533304
458,19960703,1.051615309740164
459,19960704,1.5845292309718144
460,19960705,1.4338631237419766
461,19960708,0.8817812425311623
462,19960709,0.8675838004333293
463,19960710,0.5822595246720498
464,19960711,2.5743620476237323
465,19960712,0.7188414546814503
466,19960715,0.7573380238408721
467,19960716,0.6256255721141372
468,19960717,0.729536510133644
469,19960718,0.6045186298302926
470,19960719,1.4425915110512122
471,19960722,0.8421667122526728
472,19960723,1.1010637886349326
473,19960724,1.1823183038890686
474,19960725,1.2983329468271738
475,19960726,0.8410674961509063
476,19960729,0.6687639814305381
477,19960730,1.1129125127945074
478,19960731,0.79210461906036
479,19960801,0.9371041659944148
480,19960802,0.6265157250075308
481,19960805,1.4365090739357824
482,19960806,0.8402372092779651
483,19960807,0.4072293253922714
484,19960808,0.3763793440227841
485,19960809,0.49876876738712006
486,19960812,1.6963605812726532
487,19960813,0.8058900315193873
488,19960814,0.9681897869052261
489,19960815,0.5265602605994335
490,19960816,0.8453151625378517
491,19960819,1.028527252134467
492,19960820,0.7245748051220892
493,19960821,1.1256452250214615
494,19960822,0.7594430905187924
495,19960823,0.8529109057980754
496,19960826,0.4069264889583992
497,19960827,0.7008749094573581
498,19960828,0.30179244838954794
499,19960829,0.7501210016940413
500,19960830,0.7889790718118558
501,19960902,0.7634820915236573
502,19960903,0.38394888809182554
503,19960904,0.5200236509134307
504,19960905,0.7492794245858339
505,19960906,0.4780440440192381
506,19960909,0.6085421251355471
507,19960910,0.980545283066186
508,19960911,0.5926626575123638
509,19960912,0.5912523819349964
510,19960913,0.5393010335081946
511,19960916,0.6407580445299166
512,19960917,0.3785685595252952
513,19960918,0.5250025916696937
514,19960919,0.6194529261523408
515,19960920,1.026309750178958
516,19960923,1.1532678001380428
517,19960924,0.45007976287117774
518,19960925,0.6212078131777922
519,19960926,1.705392259210399
520,19960927,0.8948635792580887
521,19961003,0.5849973093657209
522,19961004,0.6858950902057217
523,19961007,0.5888392380756818
524,19961008,1.1378545358971484
525,19961009,0.6974668685289761
526,19961010,3.2920565036390803
527,19961011,0.500923166345163
528,19961014,0.6891084184411511
529,19961015,0.29744293376984776
530,19961016,0.5107938440700843
531,19961017,0.3578106776801867
532,19961018,0.4052758410384121
533,19961021,0.42765828449689774
534,19961022,0.3832579747864103
535,19961023,0.9146363753932826
536,19961024,0.7832425148441359
537,19961025,0.8355980719209793
538,19961028,0.9045259207450858
539,19961029,0.5315830774806607
540,19961030,1.137083379757082
541,19961031,0.6053936732305353
542,19961101,0.5047767324469219
543,19961104,0.4113234325556306
544,19961105,0.6320562918813817
545,19961106,0.7827815196764865
546,19961107,0.5442987281904662
547,19961108,1.4027855843694428
548,19961111,1.5168195177907464
549,19961112,1.3301587447731487
550,19961113,0.9353415001486116
551,19961114,0.6542780219754587
552,19961115,0.4627012533105163
553,19961118,0.9419880173715138
554,19961119,1.325617986796536
555,19961120,0.7448698884324754
556,19961121,0.9586030134970573
557,19961122,0.5225473010052891
558,19961125,0.41405559177752843
559,19961126,0.5479935085181327
560,19961127,0.911981623472012
561,19961128,0.7475526382385377
562,19961129,1.1191373902016735
563,19961202,3.2159347462472785
564,19961203,2.0840657154525712
565,19961204,1.5038347906153848
566,19961205,0.8011677662836744
567,19961206,2.152495968110404
568,19961209,1.260069377559384
569,19961210,1.0066326028376353
570,19961211,1.669988901619108
571,19961212,1.2210713414503749
572,19961213,1.843283595304969
573,19961216,0.0
574,19961217,1.8023498043877206
575,19961218,1.0407969167661817
576,19961219,1.096293947211326
577,19961220,1.51793246952054
578,19961223,0.433945275553856
579,19961224,1.0922552210915062
580,19961225,0.8859344521320502
581,19961226,1.7398249097405933
582,19961227,2.520496784590189
583,19961230,0.9636560888749391
584,19961231,0.6261629263953243
585,19970102,2.220254137254321
586,19970103,1.7581191053609309
587,19970106,1.9704555874251923
588,19970107,1.7330125737365898
589,19970108,1.5404220612061124
590,19970109,1.6666739899570526
591,19970110,0.9737583620793343
592,19970113,4.0200324219344905
593,19970114,1.5802969228732493
594,19970115,1.1963661569947257
595,19970116,0.896833747993795
596,19970117,1.1459094500289564
597,19970120,0.9048498955608725
598,19970121,1.5331919113645671
599,19970122,1.5122041567843811
600,19970123,1.7616918049682497
601,19970124,1.354959403541303
602,19970127,1.2459708569762107
603,19970128,0.7865261017063192
604,19970129,1.3160505584320248
605,19970130,2.1242903853211765
606,19970131,1.651197735759514
607,19970217,0.5537991083846544
608,19970218,0.8732306297062451
609,19970219,1.3463655734602582
610,19970220,1.00714411556751
611,19970221,0.9297563240519955
612,19970224,0.5972987351711272
613,19970225,0.46632955999071174
614,19970226,0.8316425573679416
615,19970227,0.742383628913866
616,19970228,0.6837014571653394
617,19970303,0.41322914170323516
618,19970304,1.073003629019743
619,19970305,0.8703239203754239
620,19970306,0.6838379869718334
621,19970307,0.7180277294216905
622,19970310,0.8084511818733867
623,19970311,0.4222279969059874
624,19970312,1.1313202254376735
625,19970313,0.749930855897017
626,19970314,0.7979339937127375
627,19970317,1.3143957759589626
628,19970318,1.304216473655831
629,19970319,0.879728795278554
630,19970320,0.5847445740431048
631,19970321,1.4129291669110948
632,19970325,0.8434851280490961
633,19970326,1.7500602353730763
634,19970327,1.3233084678201084
635,19970328,1.2925355668943719
636,19970331,1.438064392361679
637,19970401,0.6918929936158552
638,19970402,1.4760564053205214
639,19970403,1.2419350396430002
640,19970404,0.8902842820042487
641,19970407,0.6457847043652666
642,19970408,0.6032937677661845
643,19970409,0.7618430290031164
644,19970410,0.6033185063188432
645,19970411,0.8799358106028654
646,19970414,0.9419905034715357
647,19970415,0.989166690827026
648,19970416,0.7782011709547711
649,19970417,0.8231709584783763
650,19970418,0.650216499094679
651,19970421,1.0964562666337863
652,19970422,2.070686434842194
653,19970423,1.0580647224697113
654,19970424,0.9975099206230629
655,19970425,0.8357007183298528
656,19970428,0.6002162061303575
657,19970429,0.5701426545675966
658,19970430,0.4686652607581414
659,19970505,0.6518678437355773
660,19970506,0.850367940404338
661,19970507,1.2983850908618457
662,19970508,1.1608637236802974
663,19970509,1.4450093810339508
664,19970512,1.5112709558728148
665,19970513,1.3455122686071939
666,19970514,0.671577798354401
667,19970515,1.487407911365675
668,19970516,1.6275002838567671
669,19970519,1.425615052662887
670,19970520,1.1255014571235107
671,19970521,1.2634551221660435
672,19970522,1.095882230912513
673,19970523,0.7657329173197138
674,19970526,0.755473752575278
675,19970527,1.4067799099754839
676,19970528,1.0739639947892108
677,19970529,1.0859599008282113
678,19970530,1.2380300408094458
679,19970602,1.6330057923198513
680,19970603,1.1066567463991022
681,19970604,1.1630449038965516
682,19970605,0.9961545543410527
683,19970606,1.348379999107334
684,19970609,1.366421130137892
685,19970610,0.7950467740247337
686,19970611,0.5952037475749626
687,19970612,0.8878546366592566
688,19970613,1.0332642819612736
689,19970616,1.3207749998873257
690,19970617,0.5819545501743308
691,19970618,0.8723810407610088
692,19970619,0.5269106140610188
693,19970620,0.8676736021042495
694,19970623,0.8214999619270095
695,19970624,0.6023171757593049
696,19970625,0.6652060178875671
697,19970626,1.1030915585606782
698,19970627,0.8986887939252934
699,19970702,1.0642705942621855
700,19970703,0.7471349249519086
701,19970704,1.0177075796736608
702,19970707,1.1074875265145123
703,19970708,1.1045188124357197
704,19970709,0.870895369668074
705,19970710,0.8768536221010074
706,19970711,0.6841632732259186
707,19970714,0.9278287926942099
708,19970715,0.9509925944280865
709,19970716,0.8423421468618532
710,19970717,0.6886169827706912
711,19970718,0.8466950351295424
712,19970721,1.301220603285934
713,19970722,1.0021631974775733
714,19970723,0.9543635650923149
715,19970724,1.0975885290912868
716,19970725,0.735159136196042
717,19970728,1.074328980695284
718,19970729,0.7927319606290351
719,19970730,1.0078791128826181
720,19970731,0.8288164528407876
721,19970801,0.5431627521214293
722,19970804,0.9648915714301497
723,19970805,1.1000757701072346
724,19970806,0.8394225416664756
725,19970807,0.7170831941053202
726,19970808,0.8336984976061675
727,19970811,1.639579920407521
728,19970812,0.9494401431802432
729,19970813,1.5245065928180386
730,19970814,0.8465466389516638
731,19970815,1.3473158136287104
732,19970818,1.5652113562895633
733,19970819,0.8257213099124155
734,19970820,3.188271684535836
735,19970821,1.5362190711662242
736,19970822,1.767805610458295
737,19970825,0.5992142809009439
738,19970826,0.778514824952458
739,19970827,0.5778831404902036
740,19970828,0.6647410114205097
741,19970829,0.4420746393312892
742,19970901,0.7269287918186547
743,19970902,0.5649675759019576
744,19970903,0.44444267307676366
745,19970904,1.1827167986890599
746,19970905,0.7780655991631061
747,19970908,0.9204956325674335
748,19970909,0.48274234636285773
749,19970910,0.808857079377815
750,19970911,0.554793499729984
751,19970912,0.8185517064100637
752,19970915,1.2559725296412276
753,19970916,0.7682596159454227
754,19970917,0.22886059664776795
755,19970918,0.550290241988835
756,19970919,0.45158261221164764
757,19970922,1.21812898516154
758,19970923,0.9199075046079563
759,19970924,0.5617421618328801
760,19970925,0.6972372196051455
761,19970926,0.6931262970494809
762,19970929,0.6979924355445234
763,19970930,1.0611958447679835
764,19971006,1.0924126216348404
765,19971007,0.7769205753348954
766,19971008,0.6290355997337596
767,19971009,1.2700773252626008
768,19971010,1.3787132801132078
769,19971013,1.7544002483473897
770,19971014,0.5805753498917494
771,19971015,0.4147038261867275
772,19971016,0.6662492080404502
773,19971017,1.5146135057655867
774,19971020,1.1660430857977697
775,19971021,0.5723613172880992
776,19971022,0.6853521633971451
777,19971023,0.7486599122861608
778,19971024,0.4415125637593951
779,19971027,0.9403316362035425
780,19971028,0.797092650770437
781,19971029,0.6006626828726764
782,19971030,0.523409374872226
783,19971031,0.6358937027927829
784,19971103,0.8425427257058212
785,19971104,1.5060843606436602
786,19971105,1.5389051426205007
787,19971106,1.3903839652295535
788,19971107,0.7604864996710423
789,19971110,1.2046705628103822
790,19971111,1.1980196205635698
791,19971112,1.0402493418256666
792,19971113,0.8530778283126966
793,19971114,0.8761352083242187
794,19971117,1.1492010013960716
795,19971118,0.7001097907592673
796,19971119,0.4522694987462155
797,19971120,1.332211590377813
798,19971121,1.1487157515852462
799,19971124,0.5524429543970797
800,19971125,1.4369112102393486
801,19971126,1.4818693515803871
802,19971127,1.2510620368856478
803,19971128,0.8237296828266308
804,19971201,0.7363931442973928
805,19971202,0.9766605550524782
806,19971203,1.5754382924370705
807,19971204,0.947245817703041
808,19971205,0.989562311706786
809,19971208,1.5735572644412565
810,19971209,0.8811855432944055
811,19971210,1.2097930736475668
812,19971211,0.5194184428248183
813,19971212,0.8033921659268749
814,19971215,1.6589845889776464
815,19971216,0.981868279231142
816,19971217,0.9282362041063026
817,19971218,1.5975133004235194
818,19971219,0.6225175648231401
819,19971222,0.9239569859204606
820,19971223,0.9311487816139369
821,19971224,1.051783660816174
822,19971225,0.8394362601914711
823,19971226,0.777690133599789
824,19971229,0.4933783873452819
825,19971230,1.10336086579943
826,19971231,0.7189013424571148
827,19980105,1.4496973099603747
828,19980106,1.1240766665933717
829,19980107,0.6664514137278124
830,19980108,0.7437187952865737
831,19980109,0.662103860770681
832,19980112,0.832626506207921
833,19980113,1.0693750747380402
834,19980114,0.7156602612141739
835,19980115,0.8770544864684336
836,19980116,0.9965061822787163
837,19980119,0.8797344770456306
838,19980120,0.8347789032400514
839,19980121,1.0903520732808232
840,19980122,0.7636320299835385
841,19980123,0.900415261888407
842,19980209,1.0618759882384576
843,19980210,1.0360926975046443
844,19980211,1.034771865814406
845,19980212,1.040171089284184
846,19980213,1.344937304412456
847,19980216,0.7176041523940958
848,19980217,0.6357346616363645
849,19980218,0.7262241267949131
850,19980219,0.8054563548043432
851,19980220,0.9219089559456368
852,19980223,1.0364951192437835
853,19980224,1.1745105721210507
854,19980225,0.7204163842686423
855,19980226,0.8277594511880281
856,19980227,0.9919540419497221
857,19980302,0.8535630105757182
858,19980303,0.4855812040307493
859,19980304,0.9994026908821583
860,19980305,0.46817731430869525
861,19980306,0.38250581708562387
862,19980309,0.4984439540635022
863,19980310,0.9764673924690042
864,19980311,1.0067094362480535
865,19980312,1.4120536328982485
866,19980313,0.9514523656672388
867,19980316,1.1840334786645932
868,19980317,1.0174176096316832
869,19980318,0.8091693000630178
870,19980319,0.4746538313255194
871,19980320,0.6270837868104914
872,19980323,1.1083902561717895
873,19980324,0.8662196672540492
874,19980325,0.764780519548065
875,19980326,0.7878481954882045
876,19980327,1.8142210255412443
877,19980330,1.339448879602026
878,19980331,0.6270891110010229
879,19980401,0.5077879410732432
880,19980402,1.273383225617185
881,19980403,1.1296077099871447
882,19980406,1.3485017216005284
883,19980407,1.4982167645830138
884,19980408,0.6062220484179454
885,19980409,0.7261969081357974
886,19980410,1.4760887931419773
887,19980413,1.2651239380694617
888,19980414,1.3948140823214061
889,19980416,1.10832962388762
890,19980417,0.7643150077485995
891,19980420,0.2940411325484084
892,19980421,0.7150092417726177
893,19980422,1.1920842661277797
894,19980423,1.262454733476266
895,19980424,1.0466360214130814
896,19980427,1.1031740791003894
897,19980428,0.9247897802109073
898,19980429,0.9940984797178366
899,19980430,0.7732463784594135
900,19980504,0.7384115748346958
901,19980505,0.7855371301838827
902,19980506,0.9517656225103334
903,19980507,1.0430458599619352
904,19980508,0.8293427118363222
905,19980511,0.5144425990538697
906,19980512,0.7284384829436805
907,19980513,0.6754689277400867
908,19980514,1.008710453353101
909,19980515,0.6410674743714294
910,19980518,0.9156027176756968
911,19980519,0.6912920342582584
912,19980520,0.9476541140558098
913,19980521,0.780808881436032
914,19980522,0.7723293816171877
915,19980525,1.0409707404467536
916,19980526,1.0031037115910721
917,19980527,1.5207723143194292
918,19980528,1.1213356653228974
919,19980529,2.798182235054167
920,19980601,1.2000203903986275
921,19980602,1.142332917955397
922,19980603,1.3803919018667947
923,19980604,2.4287475213175767
924,19980605,0.8670346009761204
925,19980608,1.2835901460471881
926,19980609,0.9531352620857233
927,19980610,0.8361137082614389
928,19980611,1.364990986793934
929,19980612,4.348046685474681
930,19980615,1.8430781850187499
931,19980616,0.7961667430184827
932,19980617,1.013632016854803
933,19980618,1.1156351304416519
934,19980619,1.5945872452974506
935,19980622,1.8969114296488834
936,19980623,0.7809426349705721
937,19980624,0.8570221169347515
938,19980625,1.0711063233889906
939,19980626,1.345049168935844
940,19980629,1.13404254325167
941,19980630,1.2739689730766999
942,19980701,1.310834889361189
943,19980702,1.2460784014144932
944,19980703,0.8914750177506432
945,19980706,0.9797051945050107
946,19980707,0.9736955801307313
947,19980708,1.501578321429474
948,19980709,0.7212592683196731
949,19980710,2.2555886021681504
950,19980713,0.8564247232897517
951,19980714,1.0388793746142582
952,19980715,1.3256263477250663
953,19980716,1.447970009571383
954,19980717,1.336458463794996
955,19980720,0.9147460061668259
956,19980721,0.9365177479843896
957,19980722,1.1016009988726807
958,19980723,1.0197758817922002
959,19980724,1.7810120435274788
960,19980727,1.24339542116506
961,19980728,1.5776274415649274
962,19980729,1.652707179336158
963,19980730,1.0673016226308352
964,19980731,1.322277575819542
965,19980803,1.0688386042730254
966,19980804,0.6260095428640029
967,19980805,1.2960308279847481
968,19980806,1.2946714593390862
969,19980807,0.7207194554564977
970,19980810,0.6569099123694395
971,19980811,1.1969171636211433
972,19980812,0.7173022338904055
973,19980813,0.9498094411573469
974,19980814,0.7961336201745369
975,19980817,1.0287758741433612
976,19980818,0.9399688069158619
977,19980819,0.7721034422791904
978,19980820,0.683993190853562
979,19980821,0.808198394775256
980,19980824,0.8110165347834959
981,19980825,0.7651212175817141
982,19980826,1.0173129118884268
983,19980827,0.4556161191969605
984,19980828,0.9342696295571195
985,19980831,0.7000476220586156
986,19980901,0.5883575249306475
987,19980902,2.2379656136350725
988,19980903,1.7402032095055906
989,19980904,0.8773453828310286
990,19980907,1.5355310773005848
991,19980908,0.7176019312219505
992,19980909,1.2212714229525126
993,19980910,1.263948600462859
994,19980911,0.8601164517685803
995,19980914,0.6218637950333797
996,19980915,0.8099472924017872
997,19980916,0.5643031225726906
998,19980917,1.0814683840803212
999,19980918,0.6254490650756933
1000,19980921,0.4036950498758936
1001,19980922,0.9095842282266284
1002,19980923,1.1412295026080443
1003,19980924,1.1320724536061946
1004,19980925,0.5175884891724201
1005,19980928,0.5330957580795966
1006,19980929,0.45429243786630835
1007,19980930,0.9615642540484404
1008,19981005,0.9231049237113542
1009,19981006,0.792959730689116
1010,19981007,1.019091248894381
1011,19981008,0.37973558022235
1012,19981009,0.44481901795461437
1013,19981012,0.6278540911840409
1014,19981013,0.8603930848803678
1015,19981014,0.8637307690898401
1016,19981015,0.8128468807650987
1017,19981016,0.9269181100918278
1018,19981019,0.7751790677764797
1019,19981020,0.8036095845263956
1020,19981021,1.118131182366403
1021,19981022,0.8938482984558384
1022,19981023,0.7956056525177149
1023,19981026,0.742120427513407
1024,19981027,0.812757498276666
1025,19981028,0.43639842583093796
1026,19981029,0.6673988536787941
1027,19981030,1.2796075670844385
1028,19981102,0.7336721881525053
1029,19981103,0.4474702852934461
1030,19981104,0.8486078566137738
1031,19981105,0.613252786255094
1032,19981106,0.9063952331074195
1033,19981109,0.7115706260719492
1034,19981110,0.49708567498440853
1035,19981111,1.2212625323587076
1036,19981112,1.3067263825699496
1037,19981113,1.4106489344488071
1038,19981116,0.6868723891075744
1039,19981117,0.47092592886917833
1040,19981118,0.9029075585980199
1041,19981119,0.6365830477742801
1042,19981120,0.731904133543333
1043,19981123,1.0711727673491975
1044,19981124,0.7425099930362452
1045,19981125,0.9815955956050324
1046,19981126,1.0543066252981546
1047,19981127,0.9697745744149823
1048,19981130,1.1706562594508452
1049,19981201,1.034586719778297
1050,19981202,0.6897096774956352
1051,19981203,0.4959820929626155
1052,19981204,0.6267365309951364
1053,19981207,0.9750117264210774
1054,19981208,0.6057174966128287
1055,19981209,1.549540170698761
1056,19981210,0.9094522637849848
1057,19981211,0.9276958484450428
1058,19981214,0.6447869222116304
1059,19981215,0.4868977419663942
1060,19981216,0.8424908464304708
1061,19981217,1.0675392323464217
1062,19981218,0.8441333199481997
1063,19981221,0.7144143565709178
1064,19981222,0.6124188466279329
1065,19981223,0.6267298769744484
1066,19981224,0.6019915496673666
1067,19981225,0.547462410335788
1068,19981228,0.6183446204217338
1069,19981229,0.37456456155367623
1070,19981230,0.8562092736635155
1071,19981231,0.6177206816907485
1072,19990104,1.0372314914166187
1073,19990105,1.3069690331872685
1074,19990106,0.6490266020820308
1075,19990107,0.9970628992329668
1076,19990108,0.9638226721486787
1077,19990111,0.74495989898587
1078,19990112,0.6018124205097216
1079,19990113,0.7355339439683226
1080,19990114,3.035801952600253
1081,19990115,0.8353819789064092
1082,19990118,1.2169651765513587
1083,19990119,0.8940772146798115
1084,19990120,1.2081466716820748
1085,19990121,1.1233044242825996
1086,19990122,1.6294212310988352
1087,19990125,0.739211720222208
1088,19990126,0.6121450635258338
1089,19990127,0.7396806350928709
1090,19990128,0.6767254001030566
1091,19990129,0.8005931020892458
1092,19990201,0.8502800172513388
1093,19990202,0.9718159319082746
1094,19990203,0.8730499095830808
1095,19990204,0.5366576313671204
1096,19990205,0.569703229018171
1097,19990208,0.640312067773306
1098,19990209,0.5107314965756595
1099,19990301,0.6985468315039496
1100,19990302,0.822174584925667
1101,19990303,0.8837903341802401
1102,19990304,0.7875473275833238
1103,19990305,0.7765635022692879
1104,19990308,0.9562727882596447
1105,19990309,0.8298472447180968
1106,19990310,0.5154449909474906
1107,19990311,0.6488486136986685
1108,19990312,0.8059421605070005
1109,19990315,0.6227843728183624
1110,19990316,1.0183831489253907
1111,19990317,1.2208179305405127
1112,19990318,0.5847966632896167
1113,19990319,0.6379734936392586
1114,19990322,0.7264520050119248
1115,19990323,0.33272522252650205
1116,19990324,0.525498132080621
1117,19990325,0.6665734552462584
1118,19990326,0.8036945686946202
1119,19990329,1.8546276073644152
1120,19990330,1.1633307748901522
1121,19990331,0.76601809705636
1122,19990401,0.482685614618188
1123,19990402,0.49199589248697845
1124,19990405,0.7773221201440349
1125,19990406,1.139360129036429
1126,19990407,0.5975991218496036
1127,19990408,0.5111464679137838
1128,19990409,0.5796516146292974
1129,19990412,1.0012841193320117
1130,19990413,0.5965625245491546
1131,19990414,0.47355853627040584
1132,19990415,2.144949876808432
1133,19990416,0.6881309939037643
1134,19990419,1.4745679991039455
1135,19990420,1.0101705888385484
1136,19990421,0.744903002308478
1137,19990422,0.8164065787047903
1138,19990423,0.8045292875826282
1139,19990426,1.5914918875186523
1140,19990427,0.7956860053975369
1141,19990428,0.7426023095547067
1142,19990429,0.5440909010158518
1143,19990430,1.274459454731609
1144,19990504,0.7483842512557295
1145,19990505,0.5447854886131037
1146,19990506,1.0240114525494155
1147,19990507,0.7420665856180836
1148,19990510,1.111941820714601
1149,19990511,0.864271213461022
1150,19990512,0.6390491439775464
1151,19990513,0.5615304966981184
1152,19990514,0.8340912893327953
1153,19990517,0.9559076841034844
1154,19990519,1.1761362947781493
1155,19990520,1.0725754582378195
1156,19990521,0.9465541686496494
1157,19990524,0.7746413830258735
1158,19990525,0.9972833809256901
1159,19990526,1.0114969905257651
1160,19990527,1.3552060433385853
1161,19990528,0.9674658891582153
1162,19990531,1.0171429042181523
1163,19990601,0.9686558106031183
1164,19990602,0.9223787018793106
1165,19990603,0.5687814357944898
1166,19990604,0.39102192824957627
1167,19990607,0.6397826422161282
1168,19990608,0.46642595546684223
1169,19990609,1.8306557075617664
1170,19990610,0.7420555120709657
1171,19990611,0.4423183829426866
1172,19990614,0.9624297903152581
1173,19990615,1.1959983841858566
1174,19990616,0.9344701083999145
1175,19990617,0.9061245544003896
1176,19990618,0.4751886074258036
1177,19990621,1.081633051540302
1178,19990622,0.9057768606258338
1179,19990623,0.7950518775360143
1180,19990624,1.3230053814186886
1181,19990625,0.9053778847475503
1182,19990628,1.1869554202235977
1183,19990629,0.9859547197675506
1184,19990630,0.9786524999294063
1185,19990701,0.9205290030526222
1186,19990702,0.7371380981848833
1187,19990705,0.717007485528072
1188,19990706,0.8533043220725086
1189,19990707,0.6629649263829844
1190,19990708,0.4344007027255664
1191,19990709,1.0742215632159646
1192,19990712,1.7517348038421356
1193,19990713,1.0399918021713035
1194,19990714,0.8650994930823307
1195,19990715,0.8672030311938895
1196,19990716,0.9056311596911184
1197,19990719,0.8208194398194015
1198,19990720,0.9188087289129799
1199,19990721,0.5181450031269483
1200,19990722,0.981418174235156
1201,19990723,1.0178510955414892
1202,19990726,0.8075924533977262
1203,19990727,0.41680027841659595
1204,19990728,0.9374914064040728
1205,19990729,0.45071108737804366
1206,19990730,0.586787804999139
1207,19990802,0.5823663409806257
1208,19990803,0.7105495463601834
1209,19990804,0.8237876381196864
1210,19990805,0.8048926606029171
1211,19990806,0.5255810138474686
1212,19990809,1.0576763941078462
1213,19990810,1.2511894548998068
1214,19990811,0.5129414332346539
1215,19990812,0.9662818492925854
1216,19990813,1.394184124210643
1217,19990816,0.6895688507987633
1218,19990817,0.6713767490069051
1219,19990818,0.506167435781359
1220,19990819,1.3300680239390759
1221,19990820,0.9954250997482426
1222,19990823,1.7947617174855701
1223,19990824,1.1457226557083786
1224,19990825,0.7521254732719255
1225,19990826,1.2825509074220172
1226,19990827,0.8401071168820532
1227,19990830,0.45031357107744346
1228,19990831,0.8726091080396893
1229,19990901,0.9011158070162377
1230,19990902,0.7556979333346279
1231,19990903,0.9421326664034132
1232,19990906,0.6414670580111043
1233,19990907,0.6389106252833436
1234,19990908,0.6936139359874227
1235,19990909,1.0497939790511819
1236,19990910,0.8933305407254231
1237,19990913,0.7283412697772923
1238,19990914,0.39581430253385363
1239,19990915,1.0090464783831856
1240,19990916,1.0233585046696527
1241,19990917,0.6381864615377305
1242,19990920,0.7094228037510982
1243,19990921,0.7160569820327163
1244,19990922,0.44637667458489794
1245,19990923,0.856330217285938
1246,19990924,0.7885279686593804
1247,19990927,0.921434253096766
1248,19990928,0.6431220719265112
1249,19990929,0.6517973974594363
1250,19990930,0.7557720063238299
1251,19991008,0.45855344005660365
1252,19991011,0.44754479483158816
1253,19991012,0.8957649044121939
1254,19991013,0.8300773968679477
1255,19991014,0.6855295405298812
1256,19991015,0.6950302023366359
1257,19991018,0.8007291741160647
1258,19991019,0.7011962184894205
1259,19991020,0.797182335833912
1260,19991021,0.5659919957794491
1261,19991022,0.78978902629119
1262,19991025,0.7157923433540632
1263,19991026,0.5070990316502905
1264,19991027,0.7413119817029793
1265,19991028,1.0138406805596236
1266,19991029,0.5968597053959495
1267,19991101,0.696714543177308
1268,19991102,0.6244866675476147
1269,19991103,0.9804482233064886
1270,19991104,0.8086544806708938
1271,19991105,0.5188502479950492
1272,19991108,0.6395608719391044
1273,19991109,0.8185978168876784
1274,19991110,0.4293038929275894
1275,19991111,0.870508650265756
1276,19991112,0.7396550812519903
1277,19991115,0.8444960142700896
1278,19991116,0.7482886766932096
1279,19991117,0.49132091068207795
1280,19991118,1.38646887241468
1281,19991119,0.965452190206735
1282,19991122,0.7751405286230623
1283,19991123,0.44396691539998073
1284,19991124,0.5047532917241478
1285,19991125,0.9483262066175153
1286,19991126,0.7920858618533378
1287,19991129,0.5552721758296729
1288,19991130,0.6988429687452382
1289,19991201,1.3336012686432224
1290,19991202,0.9584552266306964
1291,19991203,0.8050627869941817
1292,19991206,0.6758599141416715
1293,19991207,0.628102242108291
1294,19991208,1.390978997704455
1295,19991209,1.2451211032887477
1296,19991210,0.7533235901672914
1297,19991213,0.927884284284641
1298,19991214,0.4412353153029538
1299,19991215,1.0783591100094845
1300,19991216,0.8533384134478834
1301,19991217,0.4270616570335893
1302,19991221,0.6916407610903793
1303,19991222,0.41455149434875926
1304,19991223,0.3521484550087874
1305,19991224,0.7110958410347339
1306,19991227,0.7475782675176804
1307,19991228,0.9096309863943232
1308,19991229,0.4064687025781869
1309,19991230,1.5983729225251209
1310,20000104,0.7978028497229515
1311,20000105,0.6201660935886537
1312,20000106,0.6409750689971745
1313,20000107,0.9844934540273912
1314,20000110,0.9970695758085645
1315,20000111,0.9056726545892203
1316,20000112,0.6118355631426509
1317,20000113,0.4870464627676277
1318,20000114,1.0137092823416787
1319,20000117,2.5162202598376786
1320,20000118,1.844467126729634
1321,20000119,0.7200116329553443
1322,20000120,1.033811083206591
1323,20000121,0.6860673887657316
1324,20000124,0.750505310999692
1325,20000125,0.5753994708865812
1326,20000126,0.6773270552665757
1327,20000127,0.7362324903276224
1328,20000128,1.594119005738643
1329,20000214,0.8612840054192862
1330,20000215,1.2141020791697765
1331,20000216,1.6274303522725442
1332,20000217,1.5762544265310692
1333,20000218,0.8532569398098322
1334,20000221,0.7826800754024831
1335,20000222,1.1334596835110105
1336,20000223,1.190298446551961
1337,20000224,0.9891066452114474
1338,20000225,0.8616334539501547
1339,20000228,1.0674635449066538
1340,20000229,0.8079434796624625
1341,20000301,0.675819551496013
1342,20000302,0.46479005293495734
1343,20000303,0.9223141420692813
1344,20000306,1.3748510042118356
1345,20000307,0.7879405495190431
1346,20000308,0.599268242132348
1347,20000309,1.062471730833733
1348,20000310,0.8360965398917
1349,20000313,0.4001348277279001
1350,20000314,0.8624842876085305
1351,20000315,1.4758708251140067
1352,20000316,0.9081350389488072
1353,20000317,0.7571293877274322
1354,20000320,1.7645803629463994
1355,20000321,0.5450346347600714
1356,20000322,0.5484178881166114
1357,20000323,0.6421653125254897
1358,20000324,0.8085706557195197
1359,20000327,0.9634319554990004
1360,20000328,0.5197578699070037
1361,20000329,0.8045962153637028
1362,20000330,1.3687360756453
1363,20000331,0.7630261493114668
1364,20000403,0.9504501444798885
1365,20000404,0.7352645987329905
1366,20000405,0.5375414935486776
1367,20000406,0.7615965130604272
1368,20000407,1.111104948622446
1369,20000410,0.7558279353238649
1370,20000411,0.727041061519184
1371,20000412,1.2010335225626732
1372,20000413,2.5932928557217902
1373,20000414,1.1673738429294385
1374,20000417,1.7190235838583379
1375,20000418,1.5315908174406645
1376,20000419,0.9825614441811483
1377,20000420,1.070097099659883
1378,20000421,0.6769235469620536
1379,20000424,0.9893701501636287
1380,20000425,1.0516349479293212
1381,20000426,0.8304455766173102
1382,20000427,0.985328563642395
1383,20000428,0.8776587314082783
1384,20000508,0.6440534775333812
1385,20000509,0.9232427721237808
1386,20000510,0.809456249576408
1387,20000511,0.7222754674935136
1388,20000512,0.9698368951373191
1389,20000515,1.348165114428824
1390,20000516,0.44297176507996194
1391,20000517,1.1710490537905613
1392,20000518,1.5355495980316365
1393,20000519,1.8013609479806143
1394,20000522,0.9988690385403526
1395,20000523,0.8199015569106262
1396,20000524,2.2065595166392376
1397,20000525,2.0764056097480816
1398,20000529,1.8659588477102882
1399,20000530,1.2716409444642136
1400,20000531,0.9141131209693807
1401,20000601,0.7829458216772089
1402,20000602,1.3258199005596565
1403,20000605,0.9725907231120167
1404,20000606,0.6848974880069035
1405,20000607,0.6149509044845929
1406,20000608,1.3992921762111301
1407,20000609,1.1374327580939292
1408,20000612,1.141395539398623
1409,20000613,0.8290243995732921
1410,20000614,1.461287938917489
1411,20000615,0.8115270572742438
1412,20000616,0.48008132701612155
1413,20000619,1.0646062088280055
1414,20000620,0.8026149066238585
1415,20000621,2.0526719813563585
1416,20000622,1.1898380328919205
1417,20000623,0.976656011708742
1418,20000626,0.9811986697782517
1419,20000627,0.8847211505260877
1420,20000628,1.1332488814364985
1421,20000629,0.8722913387297553
1422,20000630,0.7315559703994845
1423,20000703,1.0920729710928485
1424,20000704,0.7990692348948228
1425,20000705,0.9731257572058923
1426,20000706,0.5081779321176877
1427,20000707,0.5098912663907142
1428,20000710,1.8476910186511202
1429,20000711,0.6823984646183411
1430,20000712,1.8437268051081694
1431,20000713,0.7699707868619485
1432,20000714,0.8252471319187731
1433,20000717,1.0605940667977536
1434,20000718,0.4236698813609017
1435,20000719,1.0188296199726596
1436,20000720,0.7436479691553881
1437,20000721,0.9764924183740978
1438,20000724,1.366344641882618
1439,20000725,1.137022082723382
1440,20000726,1.0851884613156753
1441,20000727,0.9295824006356013
1442,20000728,0.8502186084969964
1443,20000731,1.0105989222931528
1444,20000801,2.9378061328812985
1445,20000802,1.2843248927936575
1446,20000803,1.2880740296965132
1447,20000804,1.2186700002827469
1448,20000807,1.138427137210107
1449,20000808,0.6869840250842997
1450,20000809,0.9129165658017876
1451,20000810,0.7057273532767342
1452,20000811,0.8719167847112504
1453,20000814,0.995889178009687
1454,20000815,1.08754052356273
1455,20000816,0.881382838498326
1456,20000817,0.7924430173389342
1457,20000818,1.2913864956042216
1458,20000821,1.3040225251865116
1459,20000822,1.339757095883757
1460,20000823,1.6950136378673122
1461,20000824,1.9854918138459772
1462,20000825,1.0895757347816832
1463,20000829,0.0
1464,20000830,1.9253870340930157
1465,20000831,1.6863344187805227
1466,20000901,1.9250580623523517
1467,20000904,1.6382163342361766
1468,20000905,1.6866656171528602
1469,20000906,1.0094835944156555
1470,20000907,1.3086901946378926
1471,20000908,1.0795070171432484
1472,20000911,1.4132203961521284
1473,20000912,1.4726059284385102
1474,20000913,1.661881321081167
1475,20000914,1.8325391442258372
1476,20000915,0.7077363849866598
1477,20000918,0.9522794263345878
1478,20000919,1.635026507193348
1479,20000920,1.624363555911581
1480,20000921,0.8556010369805479
1481,20000922,2.4198494330000617
1482,20000925,1.2394853190000377
1483,20000926,0.9467359861854248
1484,20000927,0.7976779747199876
1485,20000928,1.1090395422460293
1486,20001009,1.2602262009807357
1487,20001010,0.7782978418260468
1488,20001011,0.7257337648536901
1489,20001012,0.8001508919466057
1490,20001013,0.9238826180382625
1491,20001016,0.9319451681406135
1492,20001017,0.8481354253134321
1493,20001018,0.9735022489754246
1494,20001019,1.3121195383464093
1495,20001020,1.8893143851596346
1496,20001023,1.0987002582958154
1497,20001024,0.9667882784464252
1498,20001025,1.3212209144943612
1499,20001026,0.9815420154532938
1500,20001027,0.8425289834869116
1501,20001030,0.7123316151846861
1502,20001031,0.8654746887752154
1503,20001101,1.479669833196001
1504,20001102,0.6237472408025484
1505,20001103,0.94916088998226
1506,20001106,0.6547045606672827
1507,20001107,0.5766417970501312
1508,20001108,0.7218264668588457
1509,20001109,0.7553820227217543
1510,20001110,2.1137821899463116
1511,20001113,0.8324630234564185
1512,20001114,1.826149279050277
1513,20001115,1.075588580166413
1514,20001116,1.2156335781383794
1515,20001117,1.2095145788658166
1516,20001120,0.614918892203212
1517,20001121,0.8904641424172804
1518,20001122,1.0024962238530613
1519,20001123,0.8613729593901586
1520,20001124,0.6833934065483017
1521,20001127,0.6597228045696665
1522,20001128,0.8114666028485474
1523,20001129,0.7551849850156938
1524,20001130,0.8957067640980862
1525,20001201,0.7151043736997891
1526,20001204,0.9621891597460458
1527,20001205,0.6949522960503136
1528,20001206,0.8067147738340726
1529,20001207,0.6868514375834349
1530,20001208,1.010171788672668
1531,20001211,0.5260850275537691
1532,20001212,0.3726644664774526
1533,20001213,0.5926110588510977
1534,20001214,1.2082248617699187
1535,20001215,0.965766934439761
1536,20001218,0.6319880009454332
1537,20001219,1.7506983168665198
1538,20001220,0.8261826115687603
1539,20001221,0.9116251996181548
1540,20001222,1.331234139123327
1541,20001225,0.9434763729094623
1542,20001226,0.9321985834575491
1543,20001227,1.1280066440718362
1544,20001228,0.9989889563178284
1545,20001229,0.7296716689983729
1546,20010102,3.2194896239057713
1547,20010103,2.228490142185815
1548,20010104,1.729225495652859
1549,20010105,1.918592332438217
1550,20010108,1.467759562828065
1551,20010109,1.557103955312645
1552,20010110,1.8656542458030174
1553,20010111,1.40849788995132
1554,20010112,0.8222836293271788
1555,20010115,1.2746128626020594
1556,20010116,1.5199008075626073
1557,20010117,0.6783591643398694
1558,20010118,0.5409537065828615
1559,20010119,1.066783668733307
1560,20010205,1.413831382950529
1561,20010206,1.2690918980195132
1562,20010207,1.139426727088027
1563,20010208,0.5433918736302834
1564,20010209,0.8773876562653297
1565,20010212,0.9573527680834786
1566,20010213,1.8721223117829844
1567,20010214,1.2933824613468814
1568,20010215,1.551077801231159
1569,20010216,1.4976561497897325
1570,20010219,1.0948948467481363
1571,20010220,1.1417174848546416
1572,20010221,0.767808318235598
1573,20010222,1.2761539208548767
1574,20010223,0.9329221826019775
1575,20010226,0.8598468493820319
1576,20010227,1.0246651777297338
1577,20010228,1.001197386996242
1578,20010301,1.8242635111442485
1579,20010302,0.9783582811642857
1580,20010305,0.6724644008344182
1581,20010306,0.8231352304840631
1582,20010307,1.2952120143052828
1583,20010308,0.9357263195613085
1584,20010309,1.1406974849550675
1585,20010312,0.9421184542788629
1586,20010313,1.0943739916695656
1587,20010314,0.7200884633403645
1588,20010315,0.7177508450628414
1589,20010316,0.57958133740736
1590,20010319,1.0991641935509981
1591,20010320,0.4244890897713807
1592,20010321,0.7821242073603212
1593,20010322,1.9764700743692938
1594,20010323,0.9625774180161765
1595,20010326,1.0485722292312751
1596,20010327,0.8518888991751886
1597,20010328,0.9807592632125961
1598,20010329,1.1027326013265784
1599,20010330,1.0792476733194192
1600,20010402,1.1767026565859817
1601,20010403,0.9107738485071339
1602,20010404,1.0985693210772283
1603,20010405,1.176453568824931
1604,20010406,0.6789761492810474
1605,20010409,0.6667570670946663
1606,20010411,1.3055058671294297
1607,20010412,1.1633185785560707
1608,20010413,1.1099603049119229
1609,20010416,1.3833232707101777
1610,20010417,1.8030857073820559
1611,20010418,0.994442780667818
1612,20010419,0.8875454016073326
1613,20010420,1.2818366633945015
1614,20010423,0.8781655141764955
1615,20010424,0.8761238263279287
1616,20010425,1.2162895902324855
1617,20010426,1.067684585051987
1618,20010427,0.9797713338724169
1619,20010430,1.6881819150550603
1620,20010508,1.2295894791217605
1621,20010509,0.9995521393277323
1622,20010510,1.3595709555037314
1623,20010511,0.9016217865040238
1624,20010514,0.9557674102282195
1625,20010515,0.8368597726348977
1626,20010516,0.5471295585828446
1627,20010517,1.3355883478459454
1628,20010518,1.111564133390068
1629,20010521,0.9006191473928306
1630,20010522,1.0238987915839628
1631,20010523,1.4425676239517535
1632,20010524,0.6340455047183624
1633,20010525,0.7189799104742285
1634,20010528,0.7585870644444583
1635,20010529,0.9066129501072941
1636,20010530,1.0658892154256125
1637,20010531,1.1314299732231086
1638,20010601,0.8864152802833791
1639,20010604,1.3878972947594526
1640,20010605,1.025164611776938
1641,20010606,1.8857757601208383
1642,20010607,0.7912684859083727
1643,20010608,1.062836848238183
1644,20010611,1.2977242787033247
1645,20010612,0.5365988676959267
1646,20010613,0.8330847374140922
1647,20010614,0.5103517298971014
1648,20010615,1.2300349095055598
1649,20010618,0.5613351954419726
1650,20010619,0.5123291324212421
1651,20010620,1.085440895094204
1652,20010621,1.5778865101010333
1653,20010622,1.0403934880954608
1654,20010625,1.0168919702512054
1655,20010626,0.7163433527881427
1656,20010627,0.706658445850534
1657,20010628,0.43366704652124355
1658,20010629,1.0575408441827465
1659,20010702,0.7127987161024415
1660,20010703,1.06972963245801
1661,20010704,1.211000885313421
1662,20010705,0.4735944077529283
1663,20010706,0.5456485041050523
1664,20010709,0.6711629700765971
1665,20010710,0.516085128286487
1666,20010711,1.6088524693591044
1667,20010712,0.815033886068767
1668,20010713,1.5696500791650858
1669,20010716,1.5098562310624748
1670,20010717,1.1055054439305696
1671,20010718,0.8272162743720776
1672,20010719,0.8488807304628136
1673,20010720,0.7587491509932974
1674,20010723,1.260048515040928
1675,20010724,1.9368969488825634
1676,20010725,0.9985504504813366
1677,20010726,0.8166863169095061
1678,20010727,0.6683664442498812
1679,20010730,1.646639389225544
1680,20010731,0.6756154550245649
1681,20010801,1.0273005639577804
1682,20010802,0.9870342212099749
1683,20010803,0.8696267888131776
1684,20010806,0.7060772234058311
1685,20010807,1.9645175822231782
1686,20010808,0.9535905347719327
1687,20010809,1.0653186429860186
1688,20010810,1.4859162564125994
1689,20010813,1.0761198344705856
1690,20010814,1.1862277520956765
1691,20010815,0.6994973973736902
1692,20010816,0.7765761579200818
1693,20010817,0.6391197259860838
1694,20010820,0.37548790838837526
1695,20010821,0.6458849050232967
1696,20010822,0.9416105810299695
1697,20010823,1.4999270587004168
1698,20010824,0.9706923473058096
1699,20010827,0.5354140912834855
1700,20010828,1.0256370457760702
1701,20010829,2.276647526385187
1702,20010830,1.1422805090329204
1703,20010831,0.5862502400658622
1704,20010903,0.6424607148261334
1705,20010904,1.1522351336978625
1706,20010905,1.9375042174768167
1707,20010906,1.150053344425416
1708,20010907,1.1399865119531227
1709,20010910,1.5851502068525283
1710,20010911,1.1568730370954103
1711,20010912,0.7423438437125904
1712,20010913,0.7721569433296525
1713,20010914,0.9265126492579849
1714,20010917,0.7918993674821736
1715,20010918,0.9929041375452681
1716,20010919,1.1999214409469163
1717,20010920,1.2376200032043865
1718,20010921,0.7485059425488046
1719,20010924,0.8693655266095074
1720,20010925,0.8328271571440671
1721,20010926,0.9590230292832519
1722,20010927,0.79344043850124
1723,20010928,0.7560464944524065
1724,20011008,0.9647329812162748
1725,20011009,0.815239841645787
1726,20011010,0.8433939150382234
1727,20011011,1.4777225211598375
1728,20011012,0.844936676981544
1729,20011015,1.15317032599027
1730,20011016,0.7791770186736953
1731,20011017,0.6380265444115131
1732,20011018,0.6088182744506814
1733,20011019,1.2321070460045782
1734,20011022,0.7559189020264905
1735,20011023,0.9260692464340365
1736,20011024,0.9947011423976337
1737,20011025,0.9747001039312022
1738,20011026,1.4219861698194496
1739,20011029,0.9022120293767992
1740,20011030,1.236059945733766
1741,20011031,0.74047812552073
1742,20011101,0.9035516821510547
1743,20011102,0.7581016100983421
1744,20011105,0.9648093394678374
1745,20011106,0.6789612381268946
1746,20011107,1.3183754243603159
1747,20011108,0.6944335110480832
1748,20011109,1.1011378358927721
1749,20011112,0.5493047563257308
1750,20011113,0.6736636793188597
1751,20011114,0.8822370180232617
1752,20011115,0.9456021507437952
1753,20011116,1.0800403056071683
1754,20011119,0.855827133758482
1755,20011120,1.334614336031114
1756,20011121,1.1866054824875778
1757,20011122,1.1186474416632877
1758,20011123,1.0300138740311873
1759,20011126,0.9572735365925675
1760,20011127,1.1011023018316455
1761,20011128,1.8014333979752475
1762,20011129,1.6040163848341993
1763,20011130,0.7065034154156975
1764,20011203,0.9437598749716969
1765,20011204,0.7514478770769287
1766,20011205,0.8736886115079496
1767,20011206,0.9109578970987813
1768,20011207,0.7387804273192347
1769,20011210,1.1258248481162445
1770,20011211,0.966056846389269
1771,20011212,1.050937850060388
1772,20011213,1.3830546126756396
1773,20011214,1.383016971906638
1774,20011217,1.8789421092113918
1775,20011218,0.8715279886292603
1776,20011219,0.9180198188563866
1777,20011220,0.8961818927490729
1778,20011221,0.715302396103428
1779,20011224,1.1408855065183423
1780,20011225,0.8684299905006508
1781,20011226,0.765640670738834
1782,20011227,0.6992285666894347
1783,20011228,0.4350048557497201
1784,20011231,0.8189887549865403
1785,20020104,1.020865835239501
1786,20020107,0.7359893877336595
1787,20020108,0.6506948742039792
1788,20020109,1.0204369217659144
1789,20020110,1.0297661480230744
1790,20020111,0.9457006276220814
1791,20020114,1.0760088643346923
1792,20020115,1.0372284551411182
1793,20020116,0.6810763282869452
1794,20020117,1.3054220578658664
1795,20020118,1.2372790954569717
1796,20020121,0.7125598899876526
1797,20020122,1.167820705469288
1798,20020123,0.9889630092716342
1799,20020124,1.193030721711484
1800,20020125,2.1236177554461557
1801,20020128,1.2971331074553725
1802,20020129,1.02645545930918
1803,20020130,0.9526102539679888
1804,20020131,1.2212726973426054
1805,20020201,1.227384538079943
1806,20020204,0.8654771471241053
1807,20020205,0.7946723402290534
1808,20020206,1.2413954750000151
1809,20020207,2.1324868976960523
1810,20020208,1.0122383789834215
1811,20020225,1.0784922538872403
1812,20020226,0.8634612312741424
1813,20020227,1.9142850808849505
1814,20020228,0.9270852728540726
1815,20020301,0.9870258015782682
1816,20020304,1.535603513723921
1817,20020305,0.9071486516363746
1818,20020306,0.9539145469411572
1819,20020307,1.3084269868524667
1820,20020308,1.264297165916316
1821,20020311,0.5140760784156471
1822,20020312,0.7344697024991222
1823,20020313,0.8989976658526985
1824,20020314,1.1063448479235685
1825,20020315,1.221109695051007
1826,20020318,0.9795747901348151
1827,20020319,0.9343999790420493
1828,20020320,3.009678523265837
1829,20020321,1.217069868149782
1830,20020322,0.946175502538277
1831,20020325,1.1960407974488294
1832,20020326,1.722028277016454
1833,20020327,1.0427124217061219
1834,20020328,1.6191759790987508
1835,20020329,1.080931093808118
1836,20020401,1.0798316690975052
1837,20020402,1.2567789214367875
1838,20020403,0.7325310922741589
1839,20020404,1.0820811704650695
1840,20020405,1.6152400849742927
1841,20020408,1.1807041273066825
1842,20020409,0.9053814101547977
1843,20020410,1.0748824427505732
1844,20020411,1.0412920482863777
1845,20020412,1.3529161186605143
1846,20020415,1.1392092781948517
1847,20020416,0.8179800595807689
1848,20020417,0.8912680309005909
1849,20020418,0.9508613370247766
1850,20020419,1.009037292753466
1851,20020422,0.46345399368587126
1852,20020423,0.9749587425742783
1853,20020424,0.8115762677440544
1854,20020425,0.9235491156723904
1855,20020426,1.5161477338782559
1856,20020430,2.965375888037847
1857,20020508,2.2025704649707416
1858,20020509,1.1336131781397913
1859,20020510,1.686730448072954
1860,20020513,1.1238924505021188
1861,20020514,0.9883400705209703
1862,20020515,1.1844334686900164
1863,20020516,1.855957154741342
1864,20020517,0.9213549685193324
1865,20020520,0.8319005027469726
1866,20020521,1.2045863775290206
1867,20020522,1.113372602900821
1868,20020523,1.723100348068936
1869,20020524,1.0667777704955899
1870,20020527,1.0889260908412366
1871,20020528,1.028705599533009
1872,20020529,0.9262537352821657
1873,20020530,1.3077624776529528
1874,20020531,0.7960710078410183
1875,20020603,2.1607516907207454
1876,20020604,0.9236646949807541
1877,20020605,2.2493218880062718
1878,20020606,1.059295445148441
1879,20020607,1.6321425190722325
1880,20020610,1.694271205809973
1881,20020611,1.175871670361803
1882,20020612,0.9788430232980978
1883,20020613,1.4261018360676039
1884,20020614,0.8220498814305186
1885,20020617,0.9512882064955351
1886,20020618,1.1246495782403099
1887,20020619,0.716609964790602
1888,20020620,1.1705943121309914
1889,20020621,0.9637235332133831
1890,20020624,0.8842816433502363
1891,20020625,0.6812389505261092
1892,20020626,2.542699562682775
1893,20020627,0.6134066334045587
1894,20020628,1.1945337635766877
1895,20020701,1.071606931752154
1896,20020702,0.7926442601501841
1897,20020703,0.9066829606264174
1898,20020704,0.6165632519470766
1899,20020705,1.0954340579223238
1900,20020708,0.9688375635086262
1901,20020709,0.6257539199143529
1902,20020710,0.9424731814061914
1903,20020711,1.7756168568061323
1904,20020712,1.1206586427187257
1905,20020715,1.8544624249416628
1906,20020716,1.3177867766409264
1907,20020717,1.6404325400981894
1908,20020718,1.2801650225180288
1909,20020719,2.7139831399336383
1910,20020722,1.1342665708622977
1911,20020723,1.3668803788064365
1912,20020724,0.6586859366228809
1913,20020725,1.013249311240664
1914,20020726,1.0682702184820811
1915,20020729,0.9967874428927234
1916,20020730,1.1082853822144538
1917,20020731,1.2413765360896347
1918,20020801,1.1562323052691417
1919,20020802,0.5068348933175487
1920,20020805,0.698772996204946
1921,20020806,0.9311405266207082
1922,20020807,0.4855154540862747
1923,20020808,1.0163241479187741
1924,20020809,1.1067998173490834
1925,20020812,0.5265128626456409
1926,20020813,0.6342167457599821
1927,20020814,0.640555740882688
1928,20020815,0.7279389560344013
1929,20020816,1.4088546116703868
1930,20020819,0.7916092270859121
1931,20020820,0.9819051537194432
1932,20020821,0.5373054729759216
1933,20020822,1.090968346922702
1934,20020823,0.4800757925018974
1935,20020826,1.5880984573477517
1936,20020827,0.664201619805184
1937,20020828,1.5224291023119139
1938,20020829,1.2932580837582426
1939,20020830,0.8153295114876382
1940,20020902,0.8102797543928976
1941,20020903,1.113062877260581
1942,20020904,1.3381660585124742
1943,20020905,0.7259176058076542
1944,20020906,0.6151127319193891
1945,20020909,0.48673997320508056
1946,20020910,0.4243670938890844
1947,20020911,2.158403113319074
1948,20020912,1.069436208649542
1949,20020913,1.7499670700026646
1950,20020916,0.5354540561166035
1951,20020917,0.8764871192280076
1952,20020918,0.5966353726792846
1953,20020919,0.9039062447539298
1954,20020920,1.2944322897947567
1955,20020923,1.0736467284164772
1956,20020924,1.1203316844599118
1957,20020925,1.1652656864681565
1958,20020926,0.7964931294786882
1959,20020927,0.6506596274532294
1960,20021008,0.6091980378914902
1961,20021009,0.7697584236048018
1962,20021010,0.956013127926714
1963,20021011,0.6684194700480508
1964,20021014,0.542239703885007
1965,20021015,0.6559808255125135
1966,20021016,0.9259357637162134
1967,20021017,1.0811803243251847
1968,20021018,0.8998138121956077
1969,20021021,0.769057248006258
1970,20021022,0.8455996021315064
1971,20021023,1.4579955610397388
1972,20021024,0.9566378632519941
1973,20021025,0.7810161086245266
1974,20021028,0.4944576758141389
1975,20021029,0.9590760125803947
1976,20021030,0.5970840070839505
1977,20021031,0.7192748174756984
1978,20021101,0.6864409629635194
1979,20021104,1.0881049945608763
1980,20021105,1.0283926542973885
1981,20021106,0.6705243749262787
1982,20021107,0.5633796580502183
1983,20021108,1.2860319056381098
1984,20021111,0.9689488833347587
1985,20021112,0.9680432801306871
1986,20021113,1.4453221401757312
1987,20021114,0.9682647523327903
1988,20021115,1.0435644306998484
1989,20021118,0.7324766233814011
1990,20021119,1.7366380650216966
1991,20021120,0.764850261527921
1992,20021121,1.283869521547211
1993,20021122,1.0985733970875924
1994,20021125,0.8283921197028437
1995,20021126,1.0875550553998772
1996,20021127,1.10218678307684
1997,20021128,1.0160289865302197
1998,20021129,0.9858279692425648
1999,20021202,0.9310628136058746
2000,20021203,1.9577613692127185
2001,20021204,1.0408547956357186
2002,20021205,1.314185739277093
2003,20021206,1.3809170257937022
2004,20021209,1.051699983601342
2005,20021210,0.8176782725704594
2006,20021211,1.0789471693396073
2007,20021212,1.6984143726835277
2008,20021213,1.403875776694997
2009,20021216,0.7388581745578876
2010,20021217,1.23781642252149
2011,20021218,0.5606589570851022
2012,20021219,0.4904310867946626
2013,20021220,0.8821835746613762
2014,20021223,0.583013102860113
2015,20021224,1.271688495050043
2016,20021225,1.1341374318484159
2017,20021226,1.2699572969182853
2018,20021227,1.3872019892008352
2019,20021230,1.6302117179966362
2020,20021231,2.300575032013252
2021,20030102,0.9529909708986466
2022,20030103,1.0389040162904641
2023,20030106,1.0158963435617492
2024,20030107,0.8571101889433755
2025,20030108,0.9151988536254683
2026,20030109,0.5779905520029147
2027,20030110,0.9914700137146507
2028,20030113,0.911611896206218
2029,20030114,0.7593082864797681
2030,20030115,0.7766513268984321
2031,20030116,0.4952779953876536
2032,20030117,0.8438526688393287
2033,20030120,0.7353609548268715
2034,20030121,0.8222825678663709
2035,20030122,0.41815586790062537
2036,20030123,1.120618177378332
2037,20030124,0.8637733953069062
2038,20030127,0.6750257675763611
2039,20030128,0.9220136612312876
2040,20030129,1.5403944380182948
2041,20030210,0.4260607753554538
2042,20030211,1.0500623332288181
2043,20030212,0.8217130652761767
2044,20030213,0.5884633679841706
2045,20030214,0.7575934974790667
2046,20030217,0.9600420653584227
2047,20030218,0.7405522375428109
2048,20030219,1.0761866113663912
2049,20030220,1.0240037203891248
2050,20030221,0.9431834066643188
2051,20030224,0.7948665997457084
2052,20030225,0.6803358714743255
2053,20030226,0.638792295281598
2054,20030227,0.8636130821235012
2055,20030228,0.43877582059730935
2056,20030303,0.6666786606423084
2057,20030304,1.0074496558883104
2058,20030305,1.4362241175067696
2059,20030306,0.6706271266103266
2060,20030307,0.4235946211720981
2061,20030310,0.8049097372414138
2062,20030311,0.5642271303643642
2063,20030312,0.5652528305187188
2064,20030313,0.7263091958872698
2065,20030314,0.6125826541226902
2066,20030317,0.7780145744110446
2067,20030318,0.7180713797468349
2068,20030319,0.926059241388159
2069,20030320,0.6737737167632883
2070,20030321,0.6055927987132067
2071,20030324,1.1796770714079985
2072,20030325,0.9956673969916559
2073,20030326,0.8690489884911546
2074,20030327,0.823325165033469
2075,20030328,0.740894580773759
2076,20030331,2.0396206481350347
2077,20030401,0.6302763725833996
2078,20030402,0.6221270933495571
2079,20030403,1.2001184245287195
2080,20030404,0.9839579576802131
2081,20030407,0.6069694872819718
2082,20030408,0.8911701236811275
2083,20030409,0.6913875513129724
2084,20030410,1.0263346847979442
2085,20030411,0.7043353458127554
2086,20030414,0.9130568927269967
2087,20030415,1.5735950241785928
2088,20030416,1.156755088270778
2089,20030417,0.9154413346416669
2090,20030418,1.4009222250434514
2091,20030421,1.1163148068451956
2092,20030422,1.7362023881487965
2093,20030423,2.2696291724601174
2094,20030424,1.4551202832138554
2095,20030425,0.9312910212270478
2096,20030428,0.7326215439211945
2097,20030429,1.5900934656079309
2098,20030430,1.123166643487304
2099,20030512,1.0715962589126056
2100,20030513,0.9177945547229618
2101,20030514,0.6800218633605777
2102,20030515,1.5046097572148853
2103,20030516,1.0341851725316562
2104,20030519,0.919030673648317
2105,20030520,1.1790887903515246
2106,20030521,0.7569498805937225
2107,20030522,1.087817986535769
2108,20030523,1.0296667570644538
2109,20030527,1.053238238728191
2110,20030528,0.6565279661319705
2111,20030529,1.2964536334431256
2112,20030530,0.6506587431935142
2113,20030602,0.7323983591070845
2114,20030603,1.1189782141980582
2115,20030604,0.8674262896172065
2116,20030605,0.4494025064524136
2117,20030606,0.44971735935221807
2118,20030609,0.6046205917416396
2119,20030610,0.4771183043468266
2120,20030611,0.8408080731760602
2121,20030612,0.9464970320752659
2122,20030613,0.7735927074539308
2123,20030616,0.6323288005801223
2124,20030617,0.8644123251295092
2125,20030618,0.743169126045602
2126,20030619,0.8152518593860673
2127,20030620,0.5168965851848505
2128,20030623,0.7900906120097155
2129,20030624,0.6110081193932767
2130,20030625,0.423321854914276
2131,20030626,0.8153282724703528
2132,20030627,0.9141841047531596
2133,20030630,1.931742504490953
2134,20030701,0.7009887260649067
2135,20030702,0.9537836057569208
2136,20030703,0.8240305750331824
2137,20030704,0.6872290129055227
2138,20030707,0.7161633219306793
2139,20030708,1.2544164655652486
2140,20030709,0.7366292148223036
2141,20030710,0.6094736468869164
2142,20030711,0.958979290558434
2143,20030714,0.5128673511113033
2144,20030715,0.7114380326311704
2145,20030716,0.6818857180560873
2146,20030717,0.9782826007723356
2147,20030718,0.8427966275804198
2148,20030721,1.9203361321098926
2149,20030722,1.514327260737716
2150,20030723,1.1383120536459215
2151,20030724,0.9222113565069217
2152,20030725,0.8892729195563883
2153,20030728,1.1023015646459084
2154,20030729,0.7265468292015452
2155,20030730,0.6869472508911275
2156,20030731,0.7457047637968344
2157,20030801,0.7953398764648599
2158,20030804,1.3303615262291153
2159,20030805,0.7450463743881921
2160,20030806,0.9790134530363802
2161,20030807,0.9461045806162969
2162,20030808,0.7639692599477266
2163,20030811,0.867702176416448
2164,20030812,0.7618781434496388
2165,20030813,0.8139771033990636
2166,20030814,1.6544129289896992
2167,20030815,1.0298562674699079
2168,20030818,0.7531531003783265
2169,20030819,1.0679900352562153
2170,20030820,0.6673109217097966
2171,20030821,1.077254322023199
2172,20030822,0.5878353307254112
2173,20030825,0.9771995331939813
2174,20030826,1.1810751826864962
2175,20030827,1.0809043853735087
2176,20030828,1.0429898962313366
2177,20030829,2.006766005152094
2178,20030901,0.7610932864148657
2179,20030902,1.250482768575178
2180,20030903,0.7211988002968661
2181,20030904,1.3882384410907396
2182,20030905,2.1110626457420842
2183,20030908,0.5385322621748375
2184,20030909,0.8052463251270111
2185,20030910,1.4949687848977766
2186,20030911,1.383350036108793
2187,20030912,0.624778334332406
2188,20030915,0.6516359546883753
2189,20030916,0.4881519130342314
2190,20030917,0.7531647301287206
2191,20030918,0.6562742504611201
2192,20030919,0.4919706546668581
2193,20030922,0.6450535002665329
2194,20030923,0.5076581933106801
2195,20030924,0.6414003425471465
2196,20030925,0.7380089020054759
2197,20030926,1.5227281170625238
2198,20030929,0.9685408217385383
2199,20030930,0.7583147319297711
2200,20031008,0.831145543193473
2201,20031009,0.6133151527304597
2202,20031010,1.0384295449973435
2203,20031013,0.8085591707985998
2204,20031014,0.635867487194867
2205,20031015,0.7263606327140973
2206,20031016,1.3657752584529408
2207,20031017,0.8106404553423482
2208,20031020,0.7117923551146568
2209,20031021,1.3999895793589703
2210,20031022,1.166151532352715
2211,20031023,0.8911835752920401
2212,20031024,0.39412980945677495
2213,20031027,0.9401503079378783
2214,20031028,0.9017025583518987
2215,20031029,1.5177346796537456
2216,20031030,0.6733789857620104
2217,20031031,0.8383935591477261
2218,20031103,0.984558219121619
2219,20031104,0.9006775452423263
2220,20031105,0.90110853039301
2221,20031106,1.6910138242822461
2222,20031107,1.3266576329149011
2223,20031110,0.8716924636080463
2224,20031111,0.6371743241085588
2225,20031112,0.5234350610794631
2226,20031113,0.9328240133255956
2227,20031114,1.435324374800879
2228,20031117,0.6897147488797942
2229,20031118,0.8279405053445382
2230,20031119,0.9890120537859068
2231,20031120,1.8459258611811948
2232,20031121,1.432089619690954
2233,20031124,1.3582424367822825
2234,20031125,0.8151982881081794
2235,20031126,0.9254003153806029
2236,20031127,1.610014455661084
2237,20031128,1.1836586960014834
2238,20031201,0.8135816740019046
2239,20031202,1.5201870927048904
2240,20031203,0.4993626716923759
2241,20031204,0.62912880622247
2242,20031205,1.6066202647734096
2243,20031208,1.1039304363130682
2244,20031209,0.9193545851816594
2245,20031210,0.7004057885622278
2246,20031211,1.0201041463815772
2247,20031212,0.9232351083517025
2248,20031215,0.6080656001789311
2249,20031216,0.8843531169110341
2250,20031217,1.5106384766799257
2251,20031218,1.129714977775512
2252,20031219,1.7179089620877364
2253,20031222,0.982896182200229
2254,20031223,0.98603192343465
2255,20031224,0.8069847955871462
2256,20031225,0.5390357187381105
2257,20031226,0.6850904689270975
2258,20031229,1.0637249481426976
2259,20031230,0.6164819896017365
2260,20031231,0.4377219901117472
2261,20040102,0.6075658070872648
2262,20040105,0.42383747037604413
2263,20040106,0.5648919089117019
2264,20040107,0.655484328323535
2265,20040108,1.6488654060171524
2266,20040109,0.7868255179196242
2267,20040112,0.8855801936073421
2268,20040113,0.6558524688199694
2269,20040114,0.7080485912803662
2270,20040115,0.6599103029632317
2271,20040116,1.0435861021317268
2272,20040129,1.2780251579032342
2273,20040130,0.9838749973481165
2274,20040202,0.8014445775259039
2275,20040203,0.6501693415676358
2276,20040204,0.6528485299754972
2277,20040205,1.2889431704718093
2278,20040206,0.8053459073542695
2279,20040209,1.1379719733279365
2280,20040210,0.7084410624506032
2281,20040211,0.8966879201631935
2282,20040212,0.9580909422333581
2283,20040213,1.0001116210221894
2284,20040216,0.7133657811399448
2285,20040217,0.920822908258565
2286,20040218,0.7458262152534484
2287,20040219,0.7745200864548905
2288,20040220,1.0525084803967248
2289,20040223,0.723635567612611
2290,20040224,0.6370144745526601
2291,20040225,1.0720909789864086
2292,20040226,0.6885670435871339
2293,20040227,0.8891886353942945
2294,20040301,1.5041812881601087
2295,20040302,2.02455314354071
2296,20040303,1.3085079201425438
2297,20040304,1.128281565522489
2298,20040305,0.8181353963790894
2299,20040308,1.3537086037504469
2300,20040309,1.2387877549729698
2301,20040310,0.7467876965421691
2302,20040311,1.3176633840758167
2303,20040312,0.9205705967105169
2304,20040315,0.5346269888181544
2305,20040316,1.2341554272121371
2306,20040317,1.1105972011732987
2307,20040318,1.2052793182028838
2308,20040319,1.20152944914719
2309,20040322,0.7473388196210146
2310,20040323,1.0677120856519138
2311,20040324,0.8999614597516332
2312,20040325,0.8690355962383157
2313,20040326,0.5847663552398994
2314,20040329,0.6314718352789257
2315,20040330,0.5224673240935154
2316,20040331,1.3582510976470918
2317,20040401,0.4209610721984931
2318,20040402,0.9648975156955873
2319,20040405,1.1014428998966825
2320,20040406,0.8980913580075419
2321,20040407,0.6317668863754959
2322,20040408,0.8844304657811051
2323,20040409,0.8705853583412722
2324,20040412,0.9867817891605961
2325,20040413,0.6606272847902611
2326,20040414,0.7136263040341362
2327,20040415,0.7828958928837932
2328,20040416,0.5975780834402825
2329,20040420,1.2436082319607225
2330,20040421,0.647836097162562
2331,20040422,0.6493188032703558
2332,20040423,0.6689813368811812
2333,20040426,0.6931720415686718
2334,20040427,0.5244093376042768
2335,20040428,0.6217109796962123
2336,20040429,1.134659979448332
2337,20040430,0.874266709394378
2338,20040510,0.9202868355998233
2339,20040511,0.8438984931628962
2340,20040512,0.8022670142850649
2341,20040513,0.6815827941922404
2342,20040514,0.7736143939598907
2343,20040517,0.5411191277517096
2344,20040518,1.0642715404992802
2345,20040519,0.6345387843871858
2346,20040520,0.9662526822815656
2347,20040521,0.9636470750835243
2348,20040524,0.7508624264242186
2349,20040525,1.240390073392338
2350,20040526,1.4738953039109168
2351,20040527,1.2881666165746994
2352,20040528,1.372968448939843
2353,20040531,1.6040528928697886
2354,20040601,1.8684803545905995
2355,20040602,1.254015473502685
2356,20040603,0.8974910296895999
2357,20040604,1.0427394940865784
2358,20040607,1.1225271519109634
2359,20040608,1.2525180337444324
2360,20040609,0.649754416227673
2361,20040610,0.6342476364667847
2362,20040611,0.8445684640837937
2363,20040614,1.2557496175270637
2364,20040615,1.0804605096970634
2365,20040616,0.8864843125246857
2366,20040617,0.8670973894570989
2367,20040618,0.5110836912081921
2368,20040621,1.1386358659544185
2369,20040622,0.7617141628322441
2370,20040623,0.9767658589177619
2371,20040624,0.6724134922993363
2372,20040625,0.7864081766735044
2373,20040628,0.9992429376221829
2374,20040629,1.1426796121598595
2375,20040630,0.6723192625742896
2376,20040701,1.0410817489157256
2377,20040702,0.9207830815127634
2378,20040705,0.8913030993543031
2379,20040706,0.7194486776401333
2380,20040707,1.2033129337245811
2381,20040708,0.6540070964708429
2382,20040709,1.0720257906053619
2383,20040712,1.303311821353629
2384,20040713,0.6845618215321455
2385,20040714,0.9882029569178277
2386,20040715,0.5929425263501883
2387,20040716,0.8907855389586643
2388,20040719,0.7520741344519437
2389,20040720,0.6519688379781802
2390,20040721,0.48331532540871286
2391,20040722,0.8238191217779172
2392,20040723,1.0610717029416248
2393,20040726,0.7775709726936757
2394,20040727,0.7795133497933308
2395,20040728,0.8588011200572501
2396,20040729,1.0831203852665805
2397,20040730,0.6847787577922906
2398,20040802,1.6960959759392567
2399,20040803,0.8372203758488107
2400,20040804,0.6167991457466908
2401,20040805,0.8402515946597245
2402,20040806,0.5144832957271054
2403,20040809,1.0097653597388008
2404,20040810,0.5457088874137296
2405,20040811,0.5027346468128525
2406,20040812,0.7397142254758674
2407,20040813,0.7195732111449586
2408,20040816,1.1965955825909322
2409,20040817,1.1799752719611158
2410,20040818,1.058519936311415
2411,20040819,0.5249419458189963
2412,20040820,1.1759032883569114
2413,20040823,0.8052966478395198
2414,20040824,1.0766308791258785
2415,20040825,1.0712253377943997
2416,20040826,1.3711599843881603
2417,20040827,0.8675001635487707
2418,20040830,0.6821052957055115
2419,20040831,0.5110271687182432
2420,20040901,1.1109295143394404
2421,20040902,0.9283853758540725
2422,20040903,1.1944950890106378
2423,20040906,0.9307501551175312
2424,20040907,0.8808757445889245
2425,20040908,0.5194686113811082
2426,20040909,0.6445341522319654
2427,20040910,0.9381778372077897
2428,20040913,0.858850170644832
2429,20040914,0.6114411759041761
2430,20040915,1.2194486556578066
2431,20040916,0.8142239103750673
2432,20040917,0.8465753542971501
2433,20040920,2.376150890272797
2434,20040921,1.1856809430007624
2435,20040922,1.2219894052292357
2436,20040923,1.3267755955974874
2437,20040924,1.3363877436207205
2438,20040927,1.43050355485399
2439,20040928,0.9262850289212372
2440,20040929,0.6771003868314602
2441,20040930,1.3519648190525386
2442,20041008,0.8597011559235825
2443,20041011,1.2336172878157388
2444,20041012,0.8218096275884844
2445,20041013,0.8835478953768231
2446,20041014,1.2143732198602013
2447,20041015,1.09827529748854
2448,20041018,0.7022810063674108
2449,20041019,0.7910672880705967
2450,20041020,1.0149383887900547
2451,20041021,0.7895312041528608
2452,20041022,0.8772773209544954
2453,20041025,0.7652416711566162
2454,20041026,0.7350479295615665
2455,20041027,2.079335782101357
2456,20041028,1.7273015550570603
2457,20041029,0.9186492247287179
2458,20041101,0.8141424482628487
2459,20041102,1.9772147853751603
2460,20041103,0.8646511151052388
2461,20041104,1.1138868331255427
2462,20041105,0.9123162370210223
2463,20041108,0.6352288373848606
2464,20041109,0.93951158441397
2465,20041110,0.8477325734101171
2466,20041111,1.3112049807961303
2467,20041112,1.6181764423445955
2468,20041115,0.8484198429642976
2469,20041116,1.5087842514680962
2470,20041117,0.7217769412427139
2471,20041118,0.9047576305329633
2472,20041119,0.7002001208993396
2473,20041122,0.622929439470153
2474,20041123,0.8492145285731704
2475,20041124,1.246594787082283
2476,20041125,1.1430103129669704
2477,20041126,0.9539306820360814
2478,20041129,1.225971081881493
2479,20041130,1.072982494963226
2480,20041201,1.0284493567448871
2481,20041202,0.808035796516877
2482,20041203,0.9922354569460454
2483,20041206,0.8948938562116184
2484,20041207,1.1949766658534318
2485,20041208,0.8224776974682249
2486,20041209,0.7078197027911317
2487,20041210,1.0223370875729603
2488,20041213,0.839167896854371
2489,20041214,1.0896338853895764
2490,20041215,0.591999830534521
2491,20041216,1.383546429542871
2492,20041217,0.8459711376557787
2493,20041220,0.930223331941602
2494,20041221,0.7906024931254231
2495,20041222,0.8430729374140693
2496,20041223,1.1567569165454363
2497,20041224,0.7928979173731752
2498,20041227,0.7165960168889997
2499,20041228,0.634572814139832
2500,20041229,0.6280582652033465
2501,20041230,0.6667706228079767
2502,20041231,0.9190001300747572
2503,20050104,0.567538702475059
2504,20050105,0.9484413243472436
2505,20050106,0.5772143435228527
2506,20050107,0.9115864814658595
2507,20050110,0.6206724421319801
2508,20050111,1.0495931431044754
2509,20050112,0.624642992087117
2510,20050113,0.8309887257819559
2511,20050114,1.4316333200729825
2512,20050117,1.0172632224479667
2513,20050118,0.8979787487816421
2514,20050119,0.9553398329505498
2515,20050120,0.9683231280011636
2516,20050121,0.823538177149751
2517,20050124,0.9621519312107636
2518,20050125,0.6006126147910038
2519,20050126,1.0067490285415426
2520,20050127,0.7227615537063028
2521,20050128,1.2919343145921476
2522,20050131,0.8711757919773819
2523,20050201,0.5584280917485852
2524,20050202,0.8817758195914267
2525,20050203,0.8066709229765104
2526,20050204,0.7115080377429811
2527,20050216,0.49621354368200826
2528,20050217,0.4766617568943909
2529,20050218,0.4819385965306043
2530,20050221,0.6029447004091096
2531,20050222,0.8693420639637484
2532,20050223,0.6410237187929029
2533,20050224,1.3552110529265498
2534,20050225,0.8686815056223633
2535,20050228,0.8891915612597632
2536,20050301,0.6128616057366268
2537,20050302,1.053249957938074
2538,20050303,0.7688547954396499
2539,20050304,1.229346489718357
2540,20050307,0.7243944223864929
2541,20050308,2.0204909052773767
2542,20050309,0.914793041684011
2543,20050310,1.40211858576748
2544,20050311,0.7625115777387045
2545,20050314,0.7801164888519185
2546,20050315,0.9188305102943917
2547,20050316,0.7895602235225705
2548,20050317,0.6592781568922139
2549,20050318,1.4210487798229243
2550,20050321,0.6002954891654155
2551,20050322,0.979221609681106
2552,20050323,0.5383773205724334
2553,20050324,0.5216823123668377
2554,20050325,1.033714905268778
2555,20050328,0.7588417305097489
2556,20050329,0.5646914116021061
2557,20050330,2.696073893958976
2558,20050331,1.143479638899396
2559,20050401,1.5094046951116529
2560,20050404,1.4289265319720115
2561,20050405,1.2113680382758523
2562,20050406,0.9857666505801025
2563,20050407,1.2728495009096574
2564,20050411,1.046821705837476
2565,20050412,1.1091412922276112
2566,20050413,1.6659324233001163
2567,20050414,1.5219639418350976
2568,20050415,1.0150487662095764
2569,20050418,1.0151016982087058
2570,20050419,0.7153644308835989
2571,20050420,1.2107619109309529
2572,20050421,0.6902590120916008
2573,20050422,1.6416572910914726
2574,20050425,1.2775990657595322
2575,20050426,1.117440273140025
2576,20050427,0.9911316381132331
2577,20050428,1.3569292523010477
2578,20050429,1.1487366715017082
2579,20050509,1.4968119970588607
2580,20050510,1.3484375362548369
2581,20050511,0.9793203595638557
2582,20050512,1.261665877011953
2583,20050513,1.7938606130021948
2584,20050516,1.0238294834079829
2585,20050517,0.7957683604130567
2586,20050518,1.3568795385108923
2587,20050519,0.7780458507790755
2588,20050520,1.2028351613070076
2589,20050523,1.4307043866127107
2590,20050524,2.028732904401862
2591,20050525,1.5769584071830087
2592,20050526,1.18034251258909
2593,20050527,0.8640660953085026
2594,20050530,1.8214107862670426
2595,20050531,1.952935361330816
2596,20050601,1.1751730416048873
2597,20050602,1.021556734774207
2598,20050603,0.8195371033540815
2599,20050606,0.8895283430593945
2600,20050607,0.9213896012356032
2601,20050608,0.9866015100054631
2602,20050609,1.7417263157033636
2603,20050610,1.6048956118878213
2604,20050613,1.3591232255494248
2605,20050614,1.272982519227452
2606,20050615,2.334946819120078
2607,20050616,2.6697042155580086
2608,20050617,1.17250796873318
2609,20050620,1.4337066756321337
2610,20050621,1.1296147586758611
2611,20050622,1.0859952528483814
2612,20050623,1.355722532006768
2613,20050624,0.6348322682784285
2614,20050627,1.0484971803809446
2615,20050628,1.6547813644833125
2616,20050629,1.1846405583241153
2617,20050630,2.570867742905637
2618,20050701,0.9268979833723772
2619,20050704,1.2198674444074502
2620,20050705,0.9950444110013474
2621,20050706,1.3373769029129787
2622,20050707,0.9238289803331003
2623,20050708,0.9626271180286425
2624,20050711,0.963660629489233
2625,20050712,0.8013023793671655
2626,20050713,1.298230711963806
2627,20050714,0.8371812271530911
2628,20050715,2.9682625366411766
2629,20050718,1.2313392904113696
2630,20050719,1.0818267185689405
2631,20050720,1.0397045102319948
2632,20050721,1.467829142327029
2633,20050722,1.3808811008683752
2634,20050725,0.8548761352907629
2635,20050726,1.167960676653409
2636,20050727,1.1144402314998945
2637,20050728,1.2109812821707155
2638,20050729,2.62081851995945
2639,20050801,1.4989796817756305
2640,20050802,1.2096963798417073
2641,20050803,1.1891673243591443
2642,20050804,1.6429497740953822
2643,20050805,0.8470643666259874
2644,20050808,0.7126403223128753
2645,20050809,1.4091999180717576
2646,20050810,0.9596950042710851
2647,20050811,0.7417641367460456
2648,20050812,1.5317703251226298
2649,20050815,1.3366128118707354
2650,20050816,1.1301551971409558
2651,20050817,1.7163023507662865
2652,20050818,0.8612417532185249
2653,20050819,1.1771761030340777
2654,20050822,2.248936260577832
2655,20050823,1.6564349039145032
2656,20050824,1.3301357267872596
2657,20050825,1.0500261865570188
2658,20050826,1.542196078937719
2659,20050829,0.7095650838631486
2660,20050830,1.4495388983239539
2661,20050831,1.4479774494832578
2662,20050901,1.8963853533720134
2663,20050902,2.1210766907166376
2664,20050905,1.2095579373952197
2665,20050906,1.5055355796490946
2666,20050907,1.3841195960407233
2667,20050908,0.8593466007402606
2668,20050909,1.0944304871201134
2669,20050912,1.9090903022520127
2670,20050913,2.065905760724341
2671,20050914,1.2910246011433542
2672,20050915,1.624410518426576
2673,20050916,1.2181794589178818
2674,20050919,1.4014689482040008
2675,20050920,1.1350149244922059
2676,20050921,1.1081591353033657
2677,20050922,2.0730598436649488
2678,20050923,1.0043026727403874
2679,20050926,2.6729949456139335
2680,20050927,1.3888183854090115
2681,20050928,1.0013264244675388
2682,20050929,1.0490769305751186
2683,20050930,1.7291342860702519
2684,20051020,1.4805088085929745
2685,20051021,1.1709368069104396
2686,20051024,0.700121448407029
2687,20051025,2.0223482347285513
2688,20051026,0.6005486038592134
2689,20051027,0.6159812124376398
2690,20051028,1.6255599614136986
2691,20051031,2.1218745767489002
2692,20051101,1.1248928082556149
2693,20051102,0.9946052648251485
2694,20051103,0.48767789779746584
2695,20051104,1.1596795941336415
2696,20051107,0.7568295209996093
2697,20051108,1.8519266261296012
2698,20051128,1.4417589520793817
2699,20051129,1.7643061441379533
2700,20051130,0.9432834767091524
2701,20051201,0.9685930318067002
2702,20051202,1.4615630899488916
2703,20051205,1.2397333629735585
2704,20051206,2.036093448188224
2705,20051207,0.8591419433589854
2706,20051208,1.225595808732418
2707,20051209,1.2581414578584875
2708,20051212,1.846996043253148
2709,20051213,0.8286648514534667
2710,20051214,0.7780185306569215
2711,20051215,0.748420884577664
2712,20051216,0.9471944917407902
2713,20051219,1.1694908575033618
2714,20051220,1.0440790854378508
2715,20051221,0.6560326489078439
2716,20051222,0.8991686554093075
2717,20051223,1.4022395419044964
2718,20051226,0.9797124082316399
2719,20051227,0.4883898081516455
2720,20051228,0.466091331271353
2721,20051229,0.6133627771649769
2722,20051230,0.6407088784497285
2723,20060104,0.5847060504035597
2724,20060105,0.7991906534486367
2725,20060106,0.586168960585436
2726,20060109,1.4309786824619914
2727,20060110,1.2316388312846311
2728,20060111,1.1822507286510995
2729,20060112,1.518727800298393
2730,20060113,1.378793832458705
2731,20060116,1.3216971277359097
2732,20060117,1.2117840598833396
2733,20060118,0.6684708958143749
2734,20060119,0.790450714235547
2735,20060120,0.9445374098156707
2736,20060123,0.824754447679964
2737,20060124,1.199872190400359
2738,20060125,0.5390551329649366
2739,20060206,0.6158516753442222
2740,20060207,0.4252005117822461
2741,20060208,1.1537541734727448
2742,20060209,0.845804037624679
2743,20060210,1.75643382847914
2744,20060213,0.7248759144635055
2745,20060214,1.21633400711166
2746,20060215,0.9437850565628998
2747,20060216,0.7456680138292192
2748,20060217,0.5654202843414937
2749,20060220,0.8508938894927549
2750,20060221,0.9963815555699169
2751,20060222,0.8031905750286538
2752,20060223,0.4876224324827139
2753,20060224,1.7308957923484578
2754,20060227,0.6482811087203197
2755,20060228,0.6180767005183602
2756,20060301,0.7335076941102294
2757,20060302,0.9767652536582163
2758,20060303,0.8203619726165261
2759,20060306,0.8489812502842469
2760,20060307,0.8835783167360515
2761,20060308,0.8954033934317549
2762,20060309,0.7423903155613704
2763,20060310,0.3539667490208513
2764,20060313,0.5527196392575109
2765,20060314,0.5737764267392768
2766,20060315,1.245227989833971
2767,20060316,0.7871044639364607
2768,20060317,0.8880685797491871
2769,20060320,0.7667926301680735
2770,20060321,0.9140097966786179
2771,20060322,1.710084656298959
2772,20060323,0.9730039757771972
2773,20060324,0.9066102078094702
2774,20060327,0.747602991845025
2775,20060328,1.3545144339498152
2776,20060329,0.5568946726264352
2777,20060330,0.44876487841040286
2778,20060331,0.7170096301154506
2779,20060403,1.0373451344446227
2780,20060404,1.022204522368011
2781,20060405,0.39771293126429
2782,20060406,0.8768585571266633
2783,20060407,0.3655257447777923
2784,20060410,0.6044404773653599
2785,20060411,0.7537818566569213
2786,20060412,0.6985474347951868
2787,20060413,0.6045198185604715
2788,20060414,0.5292631923319387
2789,20060417,0.5095752974429948
2790,20060418,0.4930603658168286
2791,20060419,0.528093760699341
2792,20060420,0.4865493380977869
2793,20060421,0.3594717476534574
2794,20060424,0.6190589955596769
2795,20060425,1.2086369989231538
2796,20060426,0.5454156377148751
2797,20060427,0.9571811400836447
2798,20060428,0.4658407790645069
2799,20060508,0.5198872178426931
2800,20060509,0.7240262224257474
2801,20060510,0.7971822780841354
2802,20060511,0.6600315873378589
2803,20060512,1.551312177617944
2804,20060515,1.2498558047589472
2805,20060516,1.001300485335562
2806,20060517,1.467793380112448
2807,20060518,1.0010445896069053
2808,20060519,0.6484593147092175
2809,20060522,0.9396372703243627
2810,20060523,0.9754844677738465
2811,20060524,1.5387154151437967
2812,20060525,0.6265236600011679
2813,20060526,0.976720238971289
2814,20060530,0.6402025727563905
2815,20060531,0.5870646476370461
2816,20060601,1.8068761436878065
2817,20060602,1.6711152632642667
2818,20060605,1.2916416318525294
2819,20060606,1.0852297214198197
2820,20060607,1.1535556398334506
2821,20060608,0.891598694175215
2822,20060609,0.8408164248692653
2823,20060612,1.2889718877473488
2824,20060613,1.9667032585524848
2825,20060614,1.4248535931761308
2826,20060615,1.0283862951724343
2827,20060616,0.7078108072723764
2828,20060619,0.6004762515485538
2829,20060620,0.7698055186581535
2830,20060621,0.7197362466042336
2831,20060622,1.0313972125369752
2832,20060623,0.7280018787806344
2833,20060626,0.8861230182838911
2834,20060627,1.0112655184473873
2835,20060628,1.1206255715551157
2836,20060629,1.3357577083018197
2837,20060630,1.1172730276226706
2838,20060703,0.7297557218920402
2839,20060704,1.6179678012478105
2840,20060705,0.8993372714225231
2841,20060706,0.9592232127837391
2842,20060707,0.8489208591451426
2843,20060710,0.8927635906053509
2844,20060711,0.9638478918695617
2845,20060712,0.8477744760542466
2846,20060713,1.3793444452683417
2847,20060714,1.3778559649977098
2848,20060717,1.0145828296390873
2849,20060718,1.711292345090395
2850,20060719,1.1235025662131877
2851,20060720,0.9797459045805786
2852,20060721,0.748085977666695
2853,20060724,0.8008596478060959
2854,20060725,0.7687081824828014
2855,20060726,1.4489003164893375
2856,20060727,1.2859827261092602
2857,20060728,1.3830317482329768
2858,20060731,1.0064359590333556
2859,20060801,1.35860703824946
2860,20060802,1.049179944708963
2861,20060803,0.9289402731638063
2862,20060804,1.0688705237723046
2863,20060807,0.9675935814126043
2864,20060808,1.2770269402908039
2865,20060809,1.4214745661275647
2866,20060810,0.7245315186286684
2867,20060811,2.059414275391408
2868,20060814,1.2834619980407225
2869,20060815,1.4394013065987534
2870,20060816,1.9838496846071485
2871,20060817,1.2859720158415235
2872,20060818,0.8847674792899196
2873,20060821,1.104642250593359
2874,20060822,0.8329204828898297
2875,20060823,0.6919363247989677
2876,20060824,0.6988420970473234
2877,20060825,0.7365159166585303
2878,20060828,0.8010798399836995
2879,20060829,0.6983666921031267
2880,20060830,0.6718633422319888
2881,20060831,0.6975890932096097
2882,20060901,0.5340964039388757
2883,20060904,0.6242209772467171
2884,20060905,0.6135927966047521
2885,20060906,0.6780819443588252
2886,20060907,1.2312982641877936
2887,20060908,0.5439039713545989
2888,20060911,0.6211125108030325
2889,20060912,0.5850360882787864
2890,20060913,0.42967507045082315
2891,20060914,0.7749154923158217
2892,20060915,0.6558636279846867
2893,20060918,0.8009659296054775
2894,20060919,0.6822106808949605
2895,20060920,0.8404757887145524
2896,20060921,1.483569088777642
2897,20060922,1.020440722013502
2898,20060925,0.5338926322356929
2899,20060926,0.6325091881594818
2900,20060927,1.0204474020425258
2901,20060928,0.4919370328723695
2902,20060929,0.5176455596325493
2903,20061009,0.8151767864550263
2904,20061010,1.0411699351260582
2905,20061011,0.8087945115160433
2906,20061012,0.6199278174133873
2907,20061013,0.2994664327058626
2908,20061016,0.8018289518571176
2909,20061017,0.7922528948472233
2910,20061018,0.6215416114043002
2911,20061019,1.2904171003231923
2912,20061020,0.999763966189995
2913,20061023,1.066170767159071
2914,20061024,0.8067921841755233
2915,20061025,0.960289918169173
2916,20061026,0.7637385736520156
2917,20061027,0.5981708377622263
2918,20061030,0.574081152157203
2919,20061031,0.3780474181816064
2920,20061101,0.7114896875517129
2921,20061102,1.7358048658245062
2922,20061103,0.6415928421403042
2923,20061106,0.47991010962260755
2924,20061107,0.8578884474382129
2925,20061108,0.6122553586211472
2926,20061109,0.533276386881303
2927,20061110,0.9037556414838264
2928,20061113,0.89104999442521
2929,20061114,0.5605618123954972
2930,20061115,0.6095745495885871
2931,20061116,0.41403536962706994
2932,20061117,0.8007311898640711
2933,20061120,0.5604365305860707
2934,20061121,0.4386611427986423
2935,20061122,0.9955392167961479
2936,20061123,0.9812265610265398
2937,20061124,0.5215804868896969
2938,20061127,0.36201354079816034
2939,20061128,0.41582423106564276
2940,20061129,0.4932348944551019
2941,20061130,0.5939107642756546
2942,20061201,0.4538883124556552
2943,20061204,0.6873549671639124
2944,20061205,0.8709955008423668
2945,20061206,0.9299698459705701
2946,20061207,1.3972735520950916
2947,20061208,1.445424977507478
2948,20061211,0.6421089902700762
2949,20061212,0.527342013291482
2950,20061213,0.5819380881136593
2951,20061214,1.1993762859453696
2952,20061215,0.7798863188001913
2953,20061218,1.5738972967240383
2954,20061219,0.976354366765665
2955,20061220,0.7740945653197747
2956,20061221,0.8776952563538142
2957,20061222,0.6980146082278867
2958,20061225,0.4031117569846629
2959,20061226,0.5060668448448785
2960,20061227,0.5199656183039427
2961,20061228,0.5605215864780226
2962,20061229,0.4037988584792075
2963,20070104,0.3102864449127713
2964,20070105,0.8012010269564118
2965,20070108,0.7830215446684267
2966,20070109,0.3052162247307531
2967,20070110,0.8150794646031838
2968,20070111,1.955530658958176
2969,20070112,1.589350923149605
2970,20070115,1.1056936493352234
2971,20070116,0.8545408916213768
2972,20070117,0.881337384568707
2973,20070118,0.9626216002361125
2974,20070119,1.4218714448015783
2975,20070122,1.1430230603017062
2976,20070123,0.912865752751646
2977,20070124,0.5426072536575971
2978,20070125,1.2837306149602212
2979,20070126,1.3146407069220694
2980,20070129,1.1206310906135106
2981,20070130,2.5186249886599947
2982,20070131,1.6159547815107695
2983,20070201,1.1225178050172753
2984,20070202,0.8188510558369845
2985,20070205,0.6348107069059061
2986,20070206,0.5823568215673693
2987,20070207,0.779653490316744
2988,20070208,1.0749264817666975
2989,20070209,0.6747200902295001
2990,20070212,0.9083032408706077
2991,20070213,2.149253241248236
2992,20070214,0.7701791977066623
2993,20070215,0.7545762053913423
2994,20070216,1.2210532978610074
2995,20070226,2.241815497253167
2996,20070227,1.8092284592453123
2997,20070228,1.3909261053331576
2998,20070301,1.0484179637207331
2999,20070302,1.2767556333047752
3000,20070305,1.5540977904842035
3001,20070306,0.8882853141777151
3002,20070307,0.7644636919039196
3003,20070308,2.2882984125402235
3004,20070309,1.5001090483383486
3005,20070312,2.3945517477923595
3006,20070313,1.1446159604026396
3007,20070314,2.0248297170891854
3008,20070315,2.3984350323700556
3009,20070316,1.5242951115586323
3010,20070319,1.5762817901931652
3011,20070320,1.1002626412297427
3012,20070321,2.1971227659537598
3013,20070322,0.6920719281593035
3014,20070323,0.8730247405910521
3015,20070326,1.8617838710785901
3016,20070327,1.3409327051802526
3017,20070328,1.7045472428562252
3018,20070329,1.0181327720479034
3019,20070330,1.6558839393004763
3020,20070402,1.7036723012561024
3021,20070403,1.1533138755905807
3022,20070404,0.9459331667115115
3023,20070405,1.097166157050898
3024,20070406,1.993055481098331
3025,20070409,1.8263640953773685
3026,20070410,0.9509098623581993
3027,20070411,2.3959136691814575
3028,20070412,2.3174025342164692
3029,20070413,1.0966797391376422
3030,20070416,0.9898753418083733
3031,20070417,1.3465712550828104
3032,20070418,1.0256218230825993
3033,20070419,1.446416071653925
3034,20070420,1.1848981776548655
3035,20070423,0.8864596873358778
3036,20070424,1.1180750351578082
3037,20070425,2.6911273345835816
3038,20070426,1.289368968826932
3039,20070427,0.8017412759172299
3040,20070430,2.0328875331115293
3041,20070508,1.5403258091712073
3042,20070509,1.6017640253522858
3043,20070510,1.3222436157132456
3044,20070511,1.6483820093699417
3045,20070514,1.1398740929055042
3046,20070515,1.4936142080680224
3047,20070516,1.963096045541279
3048,20070517,0.8718723281215208
3049,20070518,1.1661096764209054
3050,20070521,2.0467614960048506
3051,20070522,2.5685753138639433
3052,20070523,2.4110501154334463
3053,20070524,1.8837066759281942
3054,20070528,1.6539991498164603
3055,20070529,1.536757981883885
3056,20070530,0.849253166063212
3057,20070531,0.42876516904448003
3058,20070601,0.8619751259821001
3059,20070604,0.3953843819750693
3060,20070605,0.45103246091376453
3061,20070606,1.7822210699705996
3062,20070607,2.750482931093781
3063,20070608,1.8878162394513889
3064,20070611,1.2693180346863515
3065,20070612,1.531675601223037
3066,20070613,1.9284009403808557
3067,20070614,1.7417711132603093
3068,20070615,1.4290106897121804
3069,20070618,0.8001616369651612
3070,20070619,0.9754444847412841
3071,20070620,0.9965823534548364
3072,20070621,1.9104150125271506
3073,20070622,1.4389152103768605
3074,20070625,1.11486919427196
3075,20070626,0.9995674578754841
3076,20070627,1.2998552848423148
3077,20070628,1.4026355678576163
3078,20070629,1.8170447039956843
3079,20070702,1.6807454030948852
3080,20070703,1.5988359746211178
3081,20070704,1.6045229325050157
3082,20070705,1.5850303556550847
3083,20070706,1.296016927796736
3084,20070709,2.3285935629063905
3085,20070710,1.1813957283478413
3086,20070711,0.9727569969314057
3087,20070712,0.7913852643539492
3088,20070713,1.8207692795656185
3089,20070716,1.5972669637908836
3090,20070717,0.9684713921374742
3091,20070718,1.092764991088432
3092,20070719,1.2674809256016357
3093,20070720,1.2762347165980614
3094,20070723,1.7905995018687548
3095,20070724,1.6767731322001869
3096,20070725,2.3420221296177495
3097,20070726,1.5437061796601261
3098,20070727,1.6226803300327584
3099,20070730,0.9621111023740027
3100,20070731,1.3422669384786365
3101,20070801,1.5156346152468718
3102,20070802,1.3324666861499903
3103,20070803,1.11279337609111
3104,20070806,1.2953731461798197
3105,20070807,0.9677183226164632
3106,20070808,1.738212901520094
3107,20070809,1.0897821788594815
3108,20070810,1.3972250340261463
3109,20070813,1.0033264411490006
3110,20070814,1.050491517928121
3111,20070815,1.3557029876430644
3112,20070816,1.4246856712680482
3113,20070817,0.6830072019769408
3114,20070820,1.3168896210950773
3115,20070821,0.9185790421507233
3116,20070822,0.9698650115053847
3117,20070823,2.0055820992859053
3118,20070824,1.2376938912914488
3119,20070827,1.1438320523853045
3120,20070828,1.1697877936916907
3121,20070829,0.8474527837309604
3122,20070830,1.0098883657791546
3123,20070831,1.8844838492414133
3124,20070903,1.3492828938227752
3125,20070904,1.0826773899439717
3126,20070905,1.0043701817944237
3127,20070906,0.9249054790422443
3128,20070907,0.8805651681406105
3129,20070910,1.146983909912748
3130,20070911,1.4264182083473462
3131,20070912,1.4598873900057598
3132,20070913,0.6843937988546954
3133,20070914,0.6842332170255969
3134,20070917,0.8924116997615611
3135,20070918,0.7587656509934451
3136,20070919,1.0372670463669558
3137,20070920,0.7606138872273951
3138,20070921,1.0211482188349095
3139,20070924,0.7344422372067332
3140,20070925,0.6572301209291066
3141,20070926,1.3291541112319685
3142,20070927,0.6557020779647939
3143,20070928,0.7922291189086831
3144,20071008,1.2259942259203378
3145,20071009,1.9158230827978593
3146,20071010,1.1588514440094553
3147,20071011,0.8899150337990216
3148,20071012,1.5788967293835363
3149,20071015,1.0963643138753822
3150,20071016,1.0283995927884344
3151,20071017,0.6687981050318148
3152,20071018,0.8125447489336799
3153,20071019,1.3451065545381313
3154,20071022,0.5963726396820559
3155,20071023,1.0734151827149354
3156,20071024,1.5561792888195747
3157,20071025,1.0470746612564144
3158,20071026,1.2209878576635775
3159,20071029,0.6948764976624165
3160,20071030,0.8262613489115705
3161,20071031,1.03745741121415
3162,20071101,1.2352790125686866
3163,20071102,0.7098238383438807
3164,20071105,0.6784868718318371
3165,20071106,0.7702303656935388
3166,20071107,1.1450394269456414
3167,20071108,0.9905700944616626
3168,20071109,0.7285361534139915
3169,20071112,0.8735851456558694
3170,20071113,0.5340013865722549
3171,20071114,0.5813141949147598
3172,20071115,0.7636748406198545
3173,20071116,0.9812127192035991
3174,20071119,1.2374125698860734
3175,20071120,0.7047854858338027
3176,20071121,1.0275279688235324
3177,20071122,1.061333922694979
3178,20071123,0.9933193481605953
3179,20071126,0.9086082734816369
3180,20071127,0.7110694362608037
3181,20071128,0.6082594393778002
3182,20071129,0.679182076269384
3183,20071130,1.1732763796848316
3184,20071203,0.918989739302605
3185,20071204,0.9441093592441464
3186,20071205,0.9209132228550242
3187,20071206,1.0632319445695861
3188,20071207,0.9847105705077634
3189,20071210,0.9823469555761498
3190,20071211,0.9997845360123033
3191,20071212,1.3538548187759871
3192,20071214,1.1498889814335589
3193,20071217,1.0165742543751282
3194,20071218,1.1232228264217323
3195,20071219,0.7565243198750599
3196,20071220,0.5563203416922385
3197,20071221,0.9533043143506802
3198,20071224,0.6896371187885405
3199,20071225,2.127059665740582
3200,20071226,0.7325118593750705
3201,20071227,0.9155989115392085
3202,20071228,1.5677320228480822
3203,20080102,1.6498345594368258
3204,20080103,1.3284373074370368
3205,20080104,1.2725138775752758
3206,20080107,1.2323687592895485
3207,20080108,1.5340354115255561
3208,20080109,3.0737373235783663
3209,20080110,1.2687017876515996
3210,20080111,1.1341622866239711
3211,20080114,1.9308741823458058
3212,20080115,1.4113369005017622
3213,20080116,1.2121765935437743
3214,20080117,1.5978805296815977
3215,20080118,1.030894986822806
3216,20080121,1.3187933693670928
3217,20080122,1.1736960819208428
3218,20080123,1.7457044993764466
3219,20080124,1.0302688242088225
3220,20080125,1.0118603019446546
3221,20080128,1.277628267275727
3222,20080129,0.7788717918884096
3223,20080130,0.8567233002221093
3224,20080131,1.1263821044290103
3225,20080201,1.665939081892368
3226,20080204,0.9910916017249621
3227,20080205,1.196068381866914
3228,20080213,0.864954397743425
3229,20080214,0.829395312006982
3230,20080215,0.982712296332337
3231,20080218,1.2537169345757246
3232,20080219,0.9044266216080805
3233,20080220,0.6245344350304395
3234,20080221,1.051379794934839
3235,20080222,1.3978501926587954
3236,20080225,0.9439727779259183
3237,20080226,0.8156572512116723
3238,20080227,0.8727907006242358
3239,20080228,1.0073599043171448
3240,20080229,1.7274809970294034
3241,20080303,0.9267795839162094
3242,20080304,1.6988572399502821
3243,20080305,1.5824022039458896
3244,20080306,1.1067413873753087
3245,20080307,1.7467845022289628
3246,20080310,0.8687399844443128
3247,20080311,2.434539122108393
3248,20080312,1.1116231659667304
3249,20080313,1.2731518905333232
3250,20080314,1.112121249525672
3251,20080317,1.6439453645344724
3252,20080318,1.3302421637941337
3253,20080319,2.279076035210459
3254,20080320,1.0441878264561129
3255,20080321,1.0711918257550672
3256,20080324,0.7478498878854503
3257,20080325,0.9156566842018315
3258,20080326,0.8132198915162155
3259,20080327,0.9943366441897522
3260,20080328,0.7881542030147128
3261,20080331,0.7865754849118832
3262,20080401,1.703044324649418
3263,20080402,1.1661004049596084
3264,20080403,0.8836580154633219
3265,20080407,1.3393786597107238
3266,20080408,1.0121070120015914
3267,20080409,1.3212043606438302
3268,20080410,1.3608680521621712
3269,20080411,1.0642440811092422
3270,20080414,1.1673827916596342
3271,20080415,1.28220584679332
3272,20080416,1.2309772559007452
3273,20080417,1.3822596256478334
3274,20080418,1.328352099967241
3275,20080421,1.1199380788060944
3276,20080422,1.1853719659701278
3277,20080423,1.0376273442399802
3278,20080424,0.7877219368729391
3279,20080425,0.8154088044795256
3280,20080428,1.0114819849306538
3281,20080429,0.9466338257945793
3282,20080430,0.9262221201174337
3283,20080505,1.1758558419446086
3284,20080506,1.2737025421538628
3285,20080507,1.1877345886117257
3286,20080508,1.877552300013425
3287,20080509,1.1704121578400737
3288,20080513,1.8881880088054273
3289,20080514,3.101070425774939
3290,20080515,1.4700467869794187
3291,20080516,2.3170930057231414
3292,20080519,1.8676103169831082
3293,20080520,1.3300335725776906
3294,20080521,1.4872947465396673
3295,20080522,0.9643007114468518
3296,20080523,1.296282847551227
3297,20080526,1.7701625098239193
3298,20080527,1.1680364617080616
3299,20080528,0.8510103380544005
3300,20080529,1.1715352976216327
3301,20080530,3.46433358966015
3302,20080602,1.321711715311238
3303,20080603,1.9781979230091202
3304,20080604,1.2053072009202053
3305,20080605,1.0574629080052897
3306,20080606,1.453034185012956
3307,20080610,0.88769404573146
3308,20080611,1.1583504473926498
3309,20080612,0.727534548076029
3310,20080613,1.697772933333149
3311,20080616,1.2247193201165911
3312,20080617,1.4397687128011012
3313,20080618,1.5749633681819222
3314,20080619,1.3246763358800415
3315,20080620,0.9636134967546128
3316,20080624,1.5334970146555174
3317,20080625,1.0774975249373948
3318,20080626,1.0628047819574649
3319,20080627,1.6649916913047975
3320,20080630,1.5348056297677248
3321,20080701,0.5254248894928678
3322,20080702,0.9720753973229392
3323,20080703,1.0690394243822934
3324,20080704,0.6482434601170054
3325,20080707,0.8848719426329282
3326,20080708,1.0483286511949417
3327,20080709,0.8528967530428082
3328,20080710,1.1045740175281227
3329,20080711,1.1335236256658936
3330,20080714,1.3318280585513895
3331,20080715,1.206537644047256
3332,20080716,1.592920554671192
3333,20080717,1.5966344675114668
3334,20080718,0.9274787307794592
3335,20080721,0.9581426852611374
3336,20080722,1.792333251177388
3337,20080723,1.4283243450463532
3338,20080724,0.9733667842446977
3339,20080725,0.9619910258242255
3340,20080728,0.5852111788832728
3341,20080729,1.8769139266923587
3342,20080730,1.134261058715792
3343,20080731,2.0190723775155255
3344,20080801,0.9665980530468369
3345,20080804,1.2146309831637967
3346,20080805,0.8905149968186755
3347,20080806,1.0694195914124411
3348,20080807,0.9801843039125556
3349,20080808,1.3140002730657778
3350,20080811,1.411911040192243
3351,20080812,1.004242905448885
3352,20080813,1.5229317058943688
3353,20080814,1.392272712535832
3354,20080815,0.9034878544864543
3355,20080818,1.6756139685272309
3356,20080819,1.1399426486370983
3357,20080820,1.1651157127657812
3358,20080821,1.6108922914641846
3359,20080822,1.155984177780193
3360,20080825,1.246198740473831
3361,20080826,1.2483704378689195
3362,20080827,0.9740445736408745
3363,20080828,1.0726132319711388
3364,20080829,1.320302471904658
3365,20080901,0.9975319797133818
3366,20080902,1.6169234998866124
3367,20080903,2.202496692337587
3368,20080904,0.9984535918881677
3369,20080905,1.555784639709388
3370,20080908,1.2916124476594242
3371,20080909,0.896321568516366
3372,20080910,0.9803227890548669
3373,20080911,1.004098637823969
3374,20080912,1.2238244745501001
3375,20080916,0.9339892561221614
3376,20080917,1.0825391651359624
3377,20080918,0.9786809935881204
3378,20080919,0.6027041098564947
3379,20080922,1.522043249514015
3380,20080923,0.6819034949350498
3381,20080924,1.0051085400446764
3382,20080925,0.5086562852546392
3383,20080926,0.81864541189453
3384,20081006,0.7981742061519355
3385,20081007,0.8542282084095593
3386,20081008,0.8465202194223485
3387,20081009,1.1048320632377553
3388,20081010,1.0820574095003712
3389,20081013,0.910961425521732
3390,20081014,0.9961519525058916
3391,20081015,0.8277033071841419
3392,20081016,1.09590329309529
3393,20081017,0.9218541133636048
3394,20081020,1.0915393917393277
3395,20081021,0.7345785755050652
3396,20081022,1.0495115567311906
3397,20081023,1.1155946082734005
3398,20081024,0.8500659360044677
3399,20081027,2.091846670273029
3400,20081028,0.839453991874342
3401,20081029,0.9414518038326091
3402,20081030,0.6710637140338602
3403,20081031,0.6608138479861922
3404,20081103,0.7454330887584347
3405,20081104,1.8809063587110009
3406,20081105,1.0126122612821977
3407,20081106,0.7764765766944575
3408,20081107,0.995024765047511
3409,20081110,1.0945527319173283
3410,20081111,0.802891056825096
3411,20081112,1.1158583838575453
3412,20081113,1.0285494233235377
3413,20081114,1.2462453475907098
3414,20081117,2.3361117720230196
3415,20081119,1.9851199339223828
3416,20081120,1.1351751592238637
3417,20081121,1.0327930660620623
3418,20081124,1.2050663067888538
3419,20081125,1.5743757906649518
3420,20081126,0.8781678184745654
3421,20081127,1.2420892140048567
3422,20081128,1.99641448000815
3423,20081201,3.116644559024115
3424,20081202,2.393155474235525
3425,20081203,2.390080282365365
3426,20081204,1.3035268901860002
3427,20081205,2.988251234659035
3428,20081208,2.1941005443094355
3429,20081209,2.0830127022731655
3430,20081210,1.6773948159523417
3431,20081211,1.6339857561995375
3432,20081212,1.1179701865941232
3433,20081215,1.1701624725563133
3434,20081216,1.3101513651471086
3435,20081217,1.6410284120453187
3436,20081218,1.254480453037989
3437,20081219,0.9377668726690016
3438,20081222,2.5099163215138014
3439,20081223,1.516224426038061
3440,20081224,2.3205194806774445
3441,20081225,0.8447748374835017
3442,20081226,1.3507802883037352
3443,20081229,1.2991535934343803
3444,20081230,1.5037562365924686
3445,20081231,2.4061476169311837
3446,20090105,2.8117825256340767
3447,20090106,0.9749340997749343
3448,20090107,1.0764570455667062
3449,20090108,1.4261687012927953
3450,20090109,0.884993276109687
3451,20090112,2.0485058544320647
3452,20090113,1.9729799569557722
3453,20090114,1.1022434517205595
3454,20090115,1.0575396953018548
3455,20090116,1.3545013721081887
3456,20090119,2.153641669657156
3457,20090120,0.8516544149462643
3458,20090121,0.9762524162465999
3459,20090122,1.4416246133361663
3460,20090123,1.0704403529143887
3461,20090202,0.9449535404503102
3462,20090203,1.395161372803275
3463,20090204,1.0066848301335705
3464,20090205,1.0147064616564976
3465,20090206,0.8284645251471519
3466,20090209,1.15316290816778
3467,20090210,1.865209467564179
3468,20090211,2.0550563481056736
3469,20090212,2.9005055755556066
3470,20090216,2.9575848612181597
3471,20090217,1.3622713169489005
3472,20090218,1.988314086199617
3473,20090219,1.4782716588394968
3474,20090220,1.3369581070924659
3475,20090223,0.6134733215254777
3476,20090224,1.7725693076452553
3477,20090225,1.1493819057881594
3478,20090226,1.4699454106020546
3479,20090227,1.4866631627409783
3480,20090302,1.35413582732237
3481,20090303,2.0818074144259118
3482,20090304,0.863541610242292
3483,20090305,0.9070997652702046
3484,20090306,0.7507526472503003
3485,20090309,0.8244209916941707
3486,20090310,1.9514117931618242
3487,20090311,1.2143220458671904
3488,20090312,2.8077098908476654
3489,20090313,1.521048836732536
3490,20090316,1.5896102695885503
3491,20090317,1.2014379261638477
3492,20090318,1.1350160284380675
3493,20090319,1.3364337174684324
3494,20090320,1.1230722238735278
3495,20090323,1.0561346684695745
3496,20090324,1.63355662086041
3497,20090325,1.3312995021080964
3498,20090326,0.8769880115192625
3499,20090327,0.6254498699687394
3500,20090330,0.6566454403464596
3501,20090331,0.8309163405436863
3502,20090401,0.7362064259102363
3503,20090402,1.3075229742275267
3504,20090403,1.4424406350919428
3505,20090407,1.1087617030429764
3506,20090408,1.4055304365510313
3507,20090409,1.2866985846840207
3508,20090410,0.7017581306410989
3509,20090413,1.022111323041603
3510,20090414,0.6970478149720684
3511,20090415,0.8387861994310839
3512,20090416,0.91588925592555
3513,20090417,1.1057020564242714
3514,20090420,3.0287990243946807
3515,20090421,3.6888175973814405
3516,20090422,2.136296932702104
3517,20090423,1.4239568372277385
3518,20090424,1.1999606145187425
3519,20090427,1.132756950501186
3520,20090428,3.151091546674294
3521,20090429,1.1251458221644717
3522,20090430,2.233512632428759
3523,20090504,2.397058155705023
3524,20090505,1.0477575141711428
3525,20090506,1.0174204441247756
3526,20090507,1.7781176781097212
3527,20090508,2.070900942911185
3528,20090511,1.1646715742199447
3529,20090512,0.8147400410591122
3530,20090513,0.994449982749513
3531,20090514,0.9517147259765074
3532,20090518,1.0269434325790794
3533,20090519,0.8279705098474917
3534,20090520,1.1185100571497326
3535,20090521,1.1770615251846517
3536,20090522,1.6756444438482394
3537,20090525,1.214176055177401
3538,20090526,0.7478491834645306
3539,20090527,0.7736078502189492
3540,20090601,0.8658988592983721
3541,20090602,0.5511326443696715
3542,20090603,0.5420756149689675
3543,20090604,0.5918678820424287
3544,20090605,1.3006339238278624
3545,20090608,0.7618361879163951
3546,20090609,0.9997323266163531
3547,20090610,0.8233486063011444
3548,20090611,1.1468018522456058
3549,20090612,1.0965781995816037
3550,20090615,1.9105132921917
3551,20090616,0.8300871718643076
3552,20090617,0.9826724041126461
3553,20090618,2.4009109242430644
3554,20090619,1.6056889737694278
3555,20090622,1.219083890504409
3556,20090623,0.5205025260910258
3557,20090624,0.6809612543965157
3558,20090625,0.8835300579749543
3559,20090626,0.7912521114106462
3560,20090629,0.6994728041384778
3561,20090630,0.8168284043690569
3562,20090701,0.5326798540021794
3563,20090702,1.9449399690991358
3564,20090703,1.8913170607415308
3565,20090706,1.301206589825979
3566,20090707,2.7261906755845975
3567,20090708,1.2020113925073428
3568,20090709,1.0229515853752902
3569,20090710,0.8879291372638296
3570,20090713,1.589308493491848
3571,20090714,1.4682286072761186
3572,20090715,2.068773096186284
3573,20090716,1.3106063439622855
3574,20090717,2.7377046390088773
3575,20090720,1.525471967882328
3576,20090721,1.201397117702223
3577,20090722,2.175284470620463
3578,20090723,1.582777490357012
3579,20090724,1.3033559181530872
3580,20090727,1.244968899607971
3581,20090728,0.8626255500608156
3582,20090729,1.0545888546610223
3583,20090730,0.9414945244686914
3584,20090731,1.3160097302817975
3585,20090803,0.5910042807102411
3586,20090804,0.9894611210422153
3587,20090805,0.6962377649330084
3588,20090806,1.2178196229901415
3589,20090807,0.9082845089503492
3590,20090810,0.7154184228336269
3591,20090811,0.6732927527840252
3592,20090812,0.6012145945514897
3593,20090813,1.5424890832538332
3594,20090814,1.0365990883009484
3595,20090817,1.0655176969070885
3596,20090818,1.2520586381031578
3597,20090819,1.171197538726648
3598,20090820,0.9882734778742209
3599,20090821,0.8852070436110482
3600,20090824,1.5452461380884444
3601,20090825,1.1235302401987797
3602,20090826,1.260791993029962
3603,20090827,2.521080973606521
3604,20090828,1.0529567967033249
3605,20090831,1.312324959030635
3606,20090901,0.9055874989172532
3607,20090902,0.7134551881178499
3608,20090903,0.9889010423643975
3609,20090904,1.5873418378024389
3610,20090907,2.0336850034501004
3611,20090908,1.3627831175496892
3612,20090909,0.8748047486748048
3613,20090910,1.5781769866905493
3614,20090911,0.6062291642836453
3615,20090914,3.0813079423859118
3616,20090915,2.72346538351541
3617,20090916,2.768143524299734
3618,20090917,1.9398073146479131
3619,20090918,0.8618620878830697
3620,20090921,2.1563326261506273
3621,20090922,1.304818752132771
3622,20090923,1.436229679186011
3623,20090924,2.0975191941473974
3624,20090925,2.5871499520472026
3625,20090928,1.8087515815543211
3626,20090929,2.0152418204903904
3627,20090930,1.7750774335166675
3628,20091009,2.543950836824825
3629,20091012,2.524865181796129
3630,20091013,3.6337386551518227
3631,20091014,2.0380841105371483
3632,20091015,2.2318779405048206
3633,20091016,2.5421306643771797
3634,20091019,1.1952859372803577
3635,20091020,1.8745375754788411
3636,20091021,4.200491675296764
3637,20091022,2.015884994898749
3638,20091023,1.082652729512315
3639,20091026,1.8086146926872415
3640,20091027,1.3437019546276556
3641,20091028,3.4571930939650835
3642,20091029,2.5106558215232093
3643,20091030,2.68054855798021
3644,20091102,1.304960302614491
3645,20091103,1.5097005187982908
3646,20091111,2.694780517107968
3647,20091112,2.6606556598329885
3648,20091113,1.9333444131862625
3649,20091116,0.957084266560458
3650,20091117,1.478905907333835
3651,20091118,1.2061261870321451
3652,20091119,0.9227890422279889
3653,20091120,0.6875139580243198
3654,20091123,2.805554574481162
3655,20091124,1.7892347842079341
3656,20091125,1.067866404594222
3657,20091127,1.8087550131291268
3658,20091130,1.8735142684631672
3659,20091201,1.4425957472208912
3660,20091202,1.060957721572999
3661,20091203,0.8823620876958126
3662,20091204,1.0734869384711256
3663,20091207,1.5203169357870052
3664,20091208,1.1671754945307988
3665,20091209,1.6641229990040187
3666,20091210,1.878542339034614
3667,20091211,1.8741254854125202
3668,20091214,0.45741794100140926
3669,20091215,1.7521476052588965
3670,20091216,1.8414308569244398
3671,20091217,0.8254293334278974
3672,20091218,1.551779868455761
3673,20091221,1.5847970598979029
3674,20091222,1.227486916188321
3675,20091223,1.4992458179166979
3676,20091224,1.5013281172405804
3677,20091225,3.9892386355373306
3678,20100111,1.7774686072746606
3679,20100112,1.4860077942948888
3680,20100113,1.2782439539364399
3681,20100114,0.86309897895055
3682,20100115,3.4402652952765354
3683,20100118,2.2855103256045153
3684,20100119,1.4827417888654852
3685,20100120,1.3119159905372741
3686,20100121,1.0358060874281292
3687,20100122,1.1324199196538236
3688,20100126,1.8120930346470812
3689,20100127,1.3740965352697714
3690,20100128,2.5490062627577985
3691,20100129,1.621715440747866
3692,20100201,1.088370396303955
3693,20100202,2.2804889251057725
3694,20100203,2.1319091565562385
3695,20100204,2.439614353377668
3696,20100205,1.0873582446899777
3697,20100208,1.8265428838109328
3698,20100209,1.1257139653662256
3699,20100210,2.0375772828538903
3700,20100211,1.7704266127075559
3701,20100212,2.160038286553196
3702,20100222,1.565657667242231
3703,20100223,1.1589870801474946
3704,20100224,0.9865844665378392
3705,20100225,1.2693435348728543
3706,20100226,1.3152698568054941
3707,20100301,1.0398887253627611
3708,20100302,1.4487577916506604
3709,20100303,1.6499927922024527
3710,20100304,0.9479594743372598
3711,20100305,1.9479693637902524
3712,20100308,1.5252374272240996
3713,20100309,0.8939264737106226
3714,20100310,1.8844923705669923
3715,20100311,1.173188401347221
3716,20100312,0.9732534536534201
3717,20100315,1.3452381883768352
3718,20100316,0.8622631296142793
3719,20100317,0.9436680465157823
3720,20100318,1.066160027421434
3721,20100319,1.5196799339739133
3722,20100322,1.9183294438484768
3723,20100323,1.3220032574901337
3724,20100324,0.877353984882227
3725,20100325,1.4034781660891595
3726,20100329,1.2991481577418118
3727,20100330,0.8468047504922844
3728,20100331,1.1410943939700324
3729,20100401,1.6292169028293269
3730,20100402,1.488889274235497
3731,20100406,3.639944874154325
3732,20100407,1.8062823971285566
3733,20100408,1.8299377106782952
3734,20100409,1.5622723418781908
3735,20100412,1.3033978871277396
3736,20100413,1.479564236086052
3737,20100414,2.97136734827468
3738,20100415,1.2320071767041327
3739,20100416,1.4649812822190658
3740,20100419,1.5012543158628793
3741,20100420,1.3096190703128465
3742,20100421,1.1272151299963489
3743,20100422,1.4710152039763962
3744,20100423,1.5928023900305146
3745,20100426,1.9215823041671376
3746,20100427,1.0409489635334794
3747,20100428,2.8472947295011353
3748,20100429,2.020829471458086
3749,20100430,1.4628862066840709
3750,20100504,2.2504775382249154
3751,20100505,2.2649506680637472
3752,20100506,1.1029185909195247
3753,20100507,1.5066241377697662
3754,20100510,2.755041573960225
3755,20100511,1.6855829181081474
3756,20100512,1.0347665254214284
3757,20100513,1.4172874306309233
3758,20100514,2.030386263855919
3759,20100517,0.9948094047882093
3760,20100518,2.146017029566447
3761,20100519,1.0656216996649912
3762,20100520,1.983035590302064
3763,20100521,1.225159893348177
3764,20100524,1.3082135114679025
3765,20100525,1.0768356413754143
3766,20100526,1.1800875942491076
3767,20100527,1.3595166966887926
3768,20100528,1.1066284423688648
3769,20100531,1.440778624361437
3770,20100601,1.5830252691275808
3771,20100602,1.2346115347636204
3772,20100603,1.2862884860185484
3773,20100604,1.4028975472084424
3774,20100607,1.6708477626955136
3775,20100608,0.8576665679906241
3776,20100609,0.7455630286906179
3777,20100610,1.2114266992937237
3778,20100611,1.4818156806423242
3779,20100617,1.5957104963379525
3780,20100618,1.672659263057867
3781,20100621,0.8949512910190578
3782,20100622,0.9569594047237309
3783,20100623,0.9780952706522561
3784,20100624,0.7907038387824058
3785,20100625,1.7631700942373765
3786,20100628,1.368611274450217
3787,20100629,0.9868829448199512
3788,20100630,0.7887845617463402
3789,20100701,0.6987255489353926
3790,20100702,1.0815912593141985
3791,20100705,0.7741172233689848
3792,20100706,1.05728493522803
3793,20100707,1.1015572893918275
3794,20100708,1.2863985204476696
3795,20100709,1.3393516454618632
3796,20100712,1.7964350218957215
3797,20100713,1.1984392102261139
3798,20100714,1.008318503412817
3799,20100715,1.4495458181718803
3800,20100716,0.7821789937058025
3801,20100719,1.24253210682993
3802,20100720,1.1214392833833522
3803,20100721,0.9109562061246317
3804,20100722,1.0634166185610703
3805,20100723,1.1273222689504752
3806,20100726,1.2263588297744468
3807,20100727,0.5878200537400217
3808,20100728,1.1056672842241932
3809,20100729,0.9780246123591909
3810,20100730,0.9870010340004122
3811,20100802,3.0808591467396367
3812,20100803,1.1445235833480574
3813,20100804,1.8577456399341925
3814,20100805,0.8781902324487277
3815,20100806,0.9536826878840315
3816,20100809,1.5858238995797378
3817,20100810,1.0470565934174876
3818,20100811,1.2912427194160274
3819,20100812,1.3210575640137578
3820,20100813,0.88499497963237
3821,20100816,1.1498943321073816
3822,20100817,0.9785880928940306
3823,20100818,0.9345880712265152
3824,20100819,1.0918194371296503
3825,20100820,1.0173759769077477
3826,20100823,1.237687471860111
3827,20100824,1.3822403340404639
3828,20100825,0.9665230035958391
3829,20100826,0.8095184925528597
3830,20100827,0.7532705750501574
3831,20100830,1.495765765847026
3832,20100831,1.3415944875923929
3833,20100901,1.3958958003865356
3834,20100902,0.916383473166968
3835,20100903,1.2750868112249827
3836,20100906,1.6514716338911901
3837,20100907,1.0338508967955027
3838,20100908,1.0287466462718733
3839,20100909,1.7040109438564883
3840,20100910,1.831847453430868
3841,20100913,0.8750417409723845
3842,20100914,1.8523167445225377
3843,20100915,1.914538546705457
3844,20100916,2.223122890943597
3845,20100917,2.433110212955399
3846,20100920,1.3853659346314264
3847,20100921,1.733299109538756
3848,20100927,0.9250674685312398
3849,20100928,1.386087554956872
3850,20100929,0.9134615324720314
3851,20100930,0.9802512923998761
3852,20101008,0.6629251898846497
3853,20101011,0.474524856666831
3854,20101012,1.1931806742913382
3855,20101013,0.641325937339613
3856,20101014,1.2095378556745
3857,20101015,0.5463524284615741
3858,20101018,0.9175649249832928
3859,20101019,1.161766908625326
3860,20101020,0.9741090069391544
3861,20101021,0.5292612899862281
3862,20101022,1.2373660929865442
3863,20101025,0.5180153063386104
3864,20101026,0.5533990928710922
3865,20101027,0.976925773774595
3866,20101028,1.0270392797151082
3867,20101029,0.7563537048733682
3868,20101101,1.2392570287944094
3869,20101102,1.3134326691351166
3870,20101103,1.1880410363958143
3871,20101104,1.2056894095567343
3872,20101105,1.4139583195805998
3873,20101108,2.068177217067299
3874,20101109,2.8565272286054615
3875,20101110,1.0323462833289678
3876,20101111,0.6014158505600742
3877,20101112,1.4562881160643164
3878,20101115,1.2751874537558048
3879,20101116,1.2971503492432521
3880,20101117,0.7373850568336073
3881,20101118,1.2423233822084123
3882,20101119,1.2860797934463468
3883,20101122,0.9882436558469144
3884,20101123,0.9891491183038179
3885,20101124,1.5583468290626616
3886,20101125,0.9812471762393873
3887,20101126,2.1594596774894246
3888,20101130,1.3886768190234893
3889,20101201,0.9945790825818468
3890,20101202,1.1569375939906215
3891,20101203,1.2757825412263435
3892,20101206,1.5566442861474812
3893,20101207,0.9489848653535669
3894,20101208,1.111486094999984
3895,20101209,0.8542812176725162
3896,20101210,1.0272676779730618
3897,20101213,0.5446932913920712
3898,20101214,1.207712733165123
3899,20101215,1.0073540645271624
3900,20101216,0.8083445179936815
3901,20101217,1.6318639371415378
3902,20101220,1.1226090966255766
3903,20101221,0.7826195064179466
3904,20101222,0.7768530340111209
3905,20101223,0.6507398040695832
3906,20101224,1.059470335711923
3907,20101227,0.8986146235311161
3908,20101228,1.042298685615597
3909,20101229,0.5723126386659387
3910,20101230,0.8102131882617508
3911,20101231,1.2737986590463866
3912,20110104,0.7965000261802383
3913,20110105,0.9253714258848882
3914,20110106,1.153884911325641
3915,20110107,0.9727526066943346
3916,20110110,1.3011593421318572
3917,20110111,1.874056103560622
3918,20110112,1.311132788850253
3919,20110113,0.8668958615079716
3920,20110114,0.8485306402125634
3921,20110117,1.2843503785517902
3922,20110118,1.551942657904401
3923,20110119,0.8303579150036127
3924,20110120,1.2535042085048687
3925,20110121,0.8571070219921672
3926,20110124,1.5246924405352424
3927,20110125,0.8822851462760414
3928,20110126,1.0450655411666105
3929,20110127,1.1908123090627847
3930,20110128,0.9779516866240541
3931,20110131,0.5950003420806798
3932,20110201,0.9543580832401043
3933,20110209,1.028025811908916
3934,20110210,3.1398671892134122
3935,20110211,0.8532598207149559
3936,20110214,0.6960952554942501
3937,20110215,1.240366139514391
3938,20110216,1.6457421181122145
3939,20110217,0.8233657523584069
3940,20110218,0.8662538975529972
3941,20110221,1.2721829655345362
3942,20110222,0.7145937783135636
3943,20110223,1.2979795545629123
3944,20110224,0.8236309014624129
3945,20110225,1.1719312829415967
3946,20110228,0.846890220791836
3947,20110301,1.498863283556783
3948,20110302,1.387836390591032
3949,20110303,1.083613625280747
3950,20110304,0.594279334284153
3951,20110307,1.2382528239027126
3952,20110308,1.123106341195495
3953,20110309,0.9380818895666598
3954,20110310,0.5829690436447541
3955,20110311,0.7493193560108315
3956,20110314,1.243878111631439
3957,20110315,0.9398192918602756
3958,20110316,0.49932375138505913
3959,20110317,1.0011722625233406
3960,20110318,0.8177837506736279
3961,20110321,1.313630781087926
3962,20110323,1.3479472463046327
3963,20110324,0.5024075854896121
3964,20110325,1.0047064093713254
3965,20110328,0.7328194473201207
3966,20110329,1.0832436015191156
3967,20110330,1.0161271327550847
3968,20110331,1.3098526901279672
3969,20110401,1.6768422570506347
3970,20110406,0.859588970127687
3971,20110407,0.5941669518265175
3972,20110408,1.3233156029956483
3973,20110411,0.9402940812773258
3974,20110412,0.7809801885761782
3975,20110413,1.7471393003845355
3976,20110414,0.9326332627425393
3977,20110415,1.1144208279464058
3978,20110418,1.5373113121200783
3979,20110419,1.2258216867078682
3980,20110420,1.118993377276744
3981,20110421,1.0629994036784003
3982,20110422,1.6968619254208697
3983,20110425,0.6683447576859027
3984,20110426,1.621012650342841
3985,20110427,1.6752931033063085
3986,20110428,1.5677286592215696
3987,20110429,0.6352681120987262
3988,20110503,0.7706661203725658
3989,20110504,0.7296781036279166
3990,20110505,1.3074006001351428
3991,20110506,0.679244675712071
3992,20110509,1.2580138992010863
3993,20110510,1.2707972547369255
3994,20110511,0.75075642682141
3995,20110513,1.9486391778415986
3996,20110516,1.2364411248227136
3997,20110517,0.6940451660587291
3998,20110518,0.6323856496258998
3999,20110519,1.410068659702087
4000,20110520,1.239582903418818
4001,20110523,1.315700603181153
4002,20110524,0.856666723373059
4003,20110525,1.7717576760487201
4004,20110526,0.9647736997737159
4005,20110527,1.233655126174911
4006,20110530,1.9859923015792125
4007,20110531,1.076880882083716
4008,20110601,0.8911028494817114
4009,20110602,1.4209373546061912
4010,20110603,1.9930727766636072
4011,20110607,1.2827293794034094
4012,20110608,0.823605013391723
4013,20110609,0.9692473298871906
4014,20110610,1.081664299282741
4015,20110613,0.6796831935255365
4016,20110614,1.2122445967071758
4017,20110615,1.1602791091948539
4018,20110616,0.8848372074078757
4019,20110617,0.7115591798941395
4020,20110621,1.467352967713147
4021,20110622,1.575258443142743
4022,20110623,1.242942210685013
4023,20110624,1.6520954402253814
4024,20110627,1.0546528515188274
4025,20110628,0.979271866809474
4026,20110629,0.618313164837413
4027,20110630,0.5810600072019481
4028,20110701,0.6905518130499246
4029,20110704,0.8089315831276115
4030,20110705,1.1621770824684154
4031,20110706,2.087792491114452
4032,20110707,0.8200951836338823
4033,20110708,1.0317908985944044
4034,20110711,2.47445005307221
4035,20110712,0.8994760858385731
4036,20110713,1.8299543861653536
4037,20110714,0.9498335447175545
4038,20110715,1.1550771724277418
4039,20110718,1.0691429499439649
4040,20110719,1.4435118066881885
4041,20110720,1.1532167353402176
4042,20110721,0.8308490260968693
4043,20110722,1.5362903003398618
4044,20110725,1.762307289110551
4045,20110726,0.6858667090975504
4046,20110727,1.0452102771524905
4047,20110728,0.6610498786943928
4048,20110729,0.5847598625643842
4049,20110801,0.41396803867053616
4050,20110802,1.4558544412599168
4051,20110803,0.9581131228556258
4052,20110804,0.8813157514527524
4053,20110805,0.8958829732153626
4054,20110808,1.354625895196899
4055,20110809,1.0154437481714527
4056,20110810,0.7138171954689387
4057,20110811,1.1066852851130538
4058,20110812,0.8233899213188236
4059,20110815,1.1181614788340706
4060,20110816,0.8696589406792695
4061,20110817,0.8441117190267624
4062,20110818,1.6679377002544111
4063,20110819,2.0371618882649822
4064,20110822,0.9899692059436471
4065,20110823,0.9496718619109341
4066,20110824,1.0947732418824274
4067,20110825,1.0401617876158686
4068,20110826,0.8021689109747957
4069,20110829,0.628798866153543
4070,20110830,1.26369308175215
4071,20110831,1.3561941179962207
4072,20110901,0.9943043520872438
4073,20110902,0.475606970207413
4074,20110905,1.4622351890502412
4075,20110906,0.8966337688629389
4076,20110907,1.1095746557392314
4077,20110908,0.9914375098128
4078,20110909,0.8174438439225328
4079,20110913,1.8643119748608221
4080,20110914,1.1111465902838993
4081,20110915,1.2685451212460217
4082,20110916,1.0693259554462673
4083,20110919,1.4194200101363392
4084,20110920,1.1063647453913017
4085,20110921,1.1672639350217644
4086,20110922,0.7877330377342399
4087,20110923,0.8432564651376645
4088,20110926,0.6545228625065861
4089,20110927,0.7576404961219747
4090,20110928,0.8675984733010574
4091,20110929,1.5350079583309153
4092,20110930,0.9837324131265891
4093,20111010,1.2295820705930103
4094,20111011,0.9823044536706377
4095,20111012,1.0198260169455127
4096,20111013,0.7025870573441761
4097,20111014,1.1908409307921872
4098,20111017,0.9537595167687324
4099,20111018,1.0633253145991814
4100,20111019,0.8041181065934109
4101,20111020,1.5672850807661434
4102,20111021,1.853678966646829
4103,20111024,1.050863371149817
4104,20111025,1.1695245811970874
4105,20111026,1.0661088339887592
4106,20111027,1.6663347109601547
4107,20111028,1.6566095405998156
4108,20111031,0.641769810414307
4109,20111101,1.3011165284659982
4110,20111102,1.3204707036810333
4111,20111103,1.6476919611632295
4112,20111104,0.9550845182383016
4113,20111107,0.654353730449805
4114,20111108,1.8298299266306273
4115,20111109,1.1130776495748607
4116,20111110,0.863607451693935
4117,20111111,1.2487588684396331
4118,20111114,1.2844823199250603
4119,20111115,0.8750840649316322
4120,20111116,1.2949353761597124
4121,20111117,0.8212199228380892
4122,20111118,2.0711483999670555
4123,20111121,0.9147667342587472
4124,20111122,1.2762169871773508
4125,20111123,0.7516400834732305
4126,20111124,1.0050190858855912
4127,20111125,0.9757588109568239
4128,20111128,0.9540925367187492
4129,20111129,0.9340725821245695
4130,20111130,1.7184009613935771
4131,20111201,1.2518507383178077
4132,20111202,1.564451103270836
4133,20111205,1.1808428747423518
4134,20111206,1.722981937923834
4135,20111207,1.9078709469094
4136,20111208,1.3785481102665598
4137,20111209,0.8200128732546123
4138,20111212,1.5903255858009497
4139,20111213,2.578237749071707
4140,20111214,1.9759680386112937
4141,20111215,1.3820015260907115
4142,20111216,1.1627255786740776
4143,20111219,0.9391064950993162
4144,20111220,0.9095330271823259
4145,20111221,1.2817308648228578
4146,20111222,1.4811041002085186
4147,20111223,1.1650491516974057
4148,20111226,1.0188788975635534
4149,20111227,0.9424477487441696
4150,20111228,0.746703350736957
4151,20111229,0.7455222806275572
4152,20111230,1.3444242280994396
4153,20120104,1.250953702638115
4154,20120105,1.5791417693600023
4155,20120106,1.6781923060076216
4156,20120109,1.1300817426371264
4157,20120110,1.5216541891384703
4158,20120111,1.2988508534940604
4159,20120112,0.9322136059271846
4160,20120113,1.4356780819234036
4161,20120116,0.9522952843462467
4162,20120117,1.2106729840498789
4163,20120118,1.2918141240347878
4164,20120119,0.9913517458246994
4165,20120120,1.5445044295449932
4166,20120130,0.9136512120320973
4167,20120131,1.093534971158118
4168,20120201,0.9012383261852396
4169,20120202,0.8384476995188859
4170,20120203,3.6056957649525567
4171,20120206,0.9133161912003374
4172,20120207,1.3688835499724923
4173,20120208,1.2768086238161582
4174,20120209,2.5795385428321205
4175,20120210,1.0259315721297968
4176,20120213,1.9644755385169377
4177,20120214,0.8987737003392803
4178,20120215,2.4673794751997478
4179,20120216,1.2864778996585593
4180,20120217,1.7968655388606487
4181,20120220,1.0968065532707085
4182,20120221,1.1443240830968415
4183,20120222,1.2005265386606674
4184,20120223,1.5137804714828842
4185,20120224,0.8353423353192928
4186,20120227,1.0625961676831923
4187,20120228,1.0449638063361988
4188,20120229,0.8136392490246622
4189,20120301,1.2335330705244028
4190,20120302,1.0087603704580275
4191,20120305,0.8565965667453527
4192,20120306,1.4016640810577614
4193,20120307,2.4453376595022513
4194,20120308,3.3332622965978533
4195,20120309,1.0284030985659445
4196,20120312,2.4493318264946744
4197,20120313,1.8836879196158505
4198,20120314,1.6695843495476914
4199,20120315,2.704740488878857
4200,20120316,2.5782107821914475
4201,20120319,3.406708648261946
4202,20120320,1.0507152844394263
4203,20120321,2.6061663551369967
4204,20120322,1.8528706523937701
4205,20120323,2.350326814332306
4206,20120326,1.4673563044803857
4207,20120327,1.5250220449758483
4208,20120328,1.3481213809357127
4209,20120329,1.5870238873111921
4210,20120330,1.7771098549400186
4211,20120405,1.4018334204520733
4212,20120406,1.2987692536201094
4213,20120409,1.3547954876017536
4214,20120410,1.7112331151741615
4215,20120411,1.5015264073451227
4216,20120412,0.8612327122856294
4217,20120413,1.2814824508726435
4218,20120417,1.7907690156953446
4219,20120418,1.0111220463755615
4220,20120419,1.681355689730742
4221,20120420,1.0514136233543288
4222,20120423,2.0221065870109873
4223,20120424,1.627820780825922
4224,20120425,1.1686772964595031
4225,20120426,1.3850561013239258
4226,20120427,1.3698750765280348
4227,20120502,1.3896453814072203
4228,20120503,1.4815698451246693
4229,20120504,0.8638001850923533
4230,20120507,0.9156906738892112
4231,20120508,0.987210040377925
4232,20120509,1.0651842576445154
4233,20120510,0.6945729566344842
4234,20120511,1.2167847557029348
4235,20120514,0.881393397698615
4236,20120515,1.4248789235002897
4237,20120516,1.637407782785253
4238,20120517,1.0352986227211471
4239,20120518,0.9322778693364954
4240,20120521,1.2391567379601929
4241,20120522,0.6152128939695505
4242,20120523,0.7238666929962951
4243,20120524,1.0121485038082418
4244,20120525,1.1183360009848666
4245,20120528,1.4331591381389615
4246,20120529,1.006157499236941
4247,20120530,0.9961402385319993
4248,20120531,1.2258794555019243
4249,20120601,0.6224985815290714
4250,20120604,1.2064624020964043
4251,20120605,0.9695680096363166
4252,20120606,0.8220952794663265
4253,20120607,1.0984776870976822
4254,20120608,2.9340680378124024
4255,20120611,2.932191196419788
4256,20120612,1.5852737620295334
4257,20120613,1.0156790572138723
4258,20120614,1.007990407613767
4259,20120615,0.8561626080229928
4260,20120618,0.5494528848685493
4261,20120619,0.9725030068872755
4262,20120620,0.9605303371434
4263,20120621,1.9112170085848406
4264,20120625,1.5420487370909242
4265,20120626,1.194609516732083
4266,20120627,2.047507937705666
4267,20120628,1.927704355173973
4268,20120629,0.7836761815294999
4269,20120702,0.6600929088030354
4270,20120703,0.9021662310709843
4271,20120704,1.0833964415405155
4272,20120705,1.6258785153581339
4273,20120706,1.0170639855426735
4274,20120709,1.0245491848558437
4275,20120710,0.8087621445381465
4276,20120711,0.7053088014123773
4277,20120712,1.0526121029696327
4278,20120713,0.7508616743552035
4279,20120716,2.700453087206097
4280,20120717,1.1411603668810262
4281,20120718,0.8186477648269136
4282,20120719,1.7044484531437898
4283,20120720,0.750202449955463
4284,20120723,1.1098824370925442
4285,20120724,1.139980633907504
4286,20120725,1.53189632554285
4287,20120726,0.982903424489661
4288,20120727,1.0629776418864463
4289,20120730,2.6779574697856434
4290,20120731,1.7583031829655698
4291,20120801,1.0261191225910289
4292,20120802,1.0469617899845645
4293,20120803,1.6096081671814295
4294,20120806,2.1761699653843194
4295,20120807,1.8412076256310534
4296,20120808,1.5501347277250928
4297,20120809,1.4451852209419065
4298,20120810,1.0891272808557535
4299,20120813,1.552106474052038
4300,20120814,1.2346334666193475
4301,20120815,1.2091743335565341
4302,20120816,1.5443256534341014
4303,20120817,1.4157123753731384
4304,20120820,0.8784528921533485
4305,20120821,1.6225425434465883
4306,20120822,1.4402056174068991
4307,20120823,0.958332796038472
4308,20120824,3.551092382632836
4309,20120827,2.6379483427521286
4310,20120828,1.1326308068800979
4311,20120829,0.8742136299395584
4312,20120830,1.8872934768240888
4313,20120831,1.0684670562784828
4314,20120903,1.0312036832774394
4315,20120904,1.0136737133890303
4316,20120905,1.0414220231904658
4317,20120906,1.062472693592752
4318,20120907,0.9325904044681729
4319,20120910,0.8172707941310535
4320,20120911,0.9839744619332494
4321,20120912,0.860719272001891
4322,20120913,1.8260117941122298
4323,20120914,1.0133902682289149
4324,20120917,1.821080048810808
4325,20120918,0.5836632299374672
4326,20120919,1.007025433333377
4327,20120920,1.0086818099883155
4328,20120921,0.7269648548592644
4329,20120924,1.0534672700740113
4330,20120925,1.069830827238064
4331,20120926,2.900701843536925
4332,20120927,0.7626913710383855
4333,20120928,0.9392525802417746
4334,20121008,1.38558959152884
4335,20121009,1.2539542522881766
4336,20121010,1.2985412640286405
4337,20121011,2.6303892327782794
4338,20121012,1.4130810224156207
4339,20121015,1.2630110079679986
4340,20121016,1.4386189428013405
4341,20121017,1.5128933273771372
4342,20121018,4.373240709481214
4343,20121019,4.468786217129905
4344,20121022,1.7339573938140438
4345,20121023,1.7715076058673194
4346,20121024,1.7759614003281432
4347,20121025,2.1218327018710412
4348,20121026,1.399341815410179
4349,20121029,1.8492577088463504
4350,20121030,1.6619464599159492
4351,20121031,1.795193787433297
4352,20121101,1.1447813784594851
4353,20121102,0.9191755551923282
4354,20121105,1.6661948768124424
4355,20121106,1.1176825555009668
4356,20121107,0.8617936500130013
4357,20121108,2.246850509667385
4358,20121109,1.1628521772170841
4359,20121112,1.6859830899167865
4360,20121113,0.9658103627524234
4361,20121114,1.462754463576366
4362,20121115,0.8620740417564761
4363,20121116,1.1115043455414357
4364,20121119,0.8674857043989811
4365,20121120,0.880806651463873
4366,20121121,0.8985148388009574
4367,20121122,2.5263191137661782
4368,20121123,1.219761084348626
4369,20121126,1.1877992350266469
4370,20121127,1.9754978060268193
4371,20121128,1.402014398566094
4372,20121129,0.919601841369951
4373,20121130,1.1822963434983176
4374,20121203,1.4755652459326891
4375,20121204,1.2126868710808707
4376,20121205,1.0804626598508902
4377,20121206,1.1919681172004086
4378,20121207,1.3173399786797593
4379,20121210,0.8518867102829851
4380,20121211,1.205928595899746
4381,20121212,0.8866287861967204
4382,20121213,1.6621030011995563
4383,20121214,1.8380787072094111
4384,20121217,0.7906816377093195
4385,20121218,0.0
4386,20121219,0.0
4387,20121220,4.228083497203222
4388,20121221,1.9260239146184117
4389,20121224,1.4588286183728754
4390,20121225,0.7455712680356897
4391,20121226,1.011651462709766
4392,20121227,1.5302718941053113
4393,20121228,0.839616222213894
4394,20121231,0.9770454847414056
4395,20130104,1.2102797514440553
4396,20130107,1.4668980343199627
4397,20130108,2.375490806498362
4398,20130109,1.5286886747105937
4399,20130110,1.101306304122367
4400,20130111,1.5675198852892969
4401,20130114,0.6926738291093423
4402,20130115,1.2237016174158466
4403,20130116,1.2451851083724983
4404,20130117,1.07730197455267
4405,20130118,0.9953916073141492
4406,20130121,0.8286706610599884
4407,20130122,0.7419549056278981
4408,20130123,1.2110096107373627
4409,20130124,1.2676792055147355
4410,20130125,1.3140533678893984
4411,20130128,0.8820486396308019
4412,20130129,1.542028993627611
4413,20130130,0.7786127770365753
4414,20130131,1.0647605985421713
4415,20130201,0.48099890631570086
4416,20130204,1.4031324808950172
4417,20130205,0.9435583289196571
4418,20130206,1.0357245256674485
4419,20130207,0.7423249337111545
4420,20130208,0.723182727055723
4421,20130218,1.6157467745644027
4422,20130219,1.5867967014627287
4423,20130220,0.9614876527874693
4424,20130221,1.073018281195749
4425,20130222,1.629265099036872
4426,20130225,1.0403248727140433
4427,20130226,1.000868266282508
4428,20130227,0.3914565914220922
4429,20130228,0.9607818876861726
4430,20130301,0.7857519661822647
4431,20130304,0.7224277343219602
4432,20130305,0.5088875309621333
4433,20130306,3.375754499274835
4434,20130307,0.5159553773483834
4435,20130308,1.3530170877082595
4436,20130311,1.0835283796844446
4437,20130312,1.6379681866565095
4438,20130313,2.8923976837946683
4439,20130314,1.1335734097790742
4440,20130315,1.35766262315406
4441,20130318,1.2795326913568892
4442,20130319,1.638168665260617
4443,20130320,1.0036364585848876
4444,20130321,0.842334687852252
4445,20130322,1.4848532231280787
4446,20130325,1.5274553870345702
4447,20130326,1.179474699888242
4448,20130327,1.2407890207036008
4449,20130328,0.8585210367169688
4450,20130329,0.9764051649428136
4451,20130401,1.002872876023794
4452,20130402,0.987618137580647
4453,20130403,1.824849029287446
4454,20130408,1.4164139262857995
4455,20130409,1.1211827199426503
4456,20130410,1.4513906839233897
4457,20130411,1.7538230126110328
4458,20130412,2.9623919515821275
4459,20130415,0.6730437150236278
4460,20130416,1.141935263226654
4461,20130417,0.90744728687726
4462,20130418,0.5606741912273333
4463,20130419,0.5960246640044637
4464,20130422,0.6857969992567406
4465,20130423,1.1425320234382519
4466,20130424,0.8824721016306455
4467,20130425,0.8096459910872045
4468,20130426,2.3257808849782524
4469,20130502,0.7984690648594828
4470,20130503,0.8362474937765152
4471,20130506,1.412532057796144
4472,20130507,1.1931357352511858
4473,20130508,0.7327988099121743
4474,20130509,0.8091336363094722
4475,20130510,1.071128066216328
4476,20130513,0.6929837377638285
4477,20130514,1.2965124394942926
4478,20130515,1.3849327832639369
4479,20130516,0.9862427998882173
4480,20130517,0.6935529651370712
4481,20130520,0.5455014514358278
4482,20130521,0.7531907119005137
4483,20130522,0.7841431236761979
4484,20130523,0.7395593799469383
4485,20130524,0.6767337023157566
4486,20130527,0.5757574983133862
4487,20130528,0.7462557151802918
4488,20130529,0.5969762468114569
4489,20130530,0.5234515206036895
4490,20130531,0.8276635087347881
4491,20130603,1.9916698470167327
4492,20130604,1.1490382014817602
4493,20130605,2.606754454009011
4494,20130606,1.3683547420938436
4495,20130607,2.0768230109277765
4496,20130613,1.789822118213957
4497,20130614,0.8395264212142622
4498,20130617,0.803031456617564
4499,20130618,1.8290923878493794
4500,20130619,0.9642811389614487
4501,20130620,1.282223907048082
4502,20130621,1.0231422207507297
4503,20130624,1.2617661433077874
4504,20130625,1.1517452844084286
4505,20130626,0.7106725880295652
4506,20130627,1.2905706805597024
4507,20130628,0.9754002225362629
4508,20130701,0.848264188144529
4509,20130702,0.8287165463612061
4510,20130703,1.2710331444280785
4511,20130704,1.01531374217291
4512,20130705,1.779688197110135
4513,20130708,1.473850299531256
4514,20130709,1.2118775944774367
4515,20130710,1.6391658433080112
4516,20130711,0.9360139551189463
4517,20130712,0.9951653820723078
4518,20130715,0.9397170182000572
4519,20130716,0.8309863365018257
4520,20130717,0.6716821533731544
4521,20130718,0.8438812769445538
4522,20130719,0.9571341969707663
4523,20130722,1.1307361965127012
4524,20130723,0.9235977169838332
4525,20130724,0.6932266572646866
4526,20130725,0.6177059195038129
4527,20130726,0.9488386022104383
4528,20130729,0.870737655303969
4529,20130730,0.7847940296776125
4530,20130731,1.2435180453148766
4531,20130801,0.964928004795642
4532,20130802,0.8632275250946246
4533,20130805,1.048367504409344
4534,20130806,1.2892017162609017
4535,20130807,0.0
4536,20130808,2.3919573908480336
4537,20130809,1.2198480752567495
4538,20130812,0.6450935691401561
4539,20130813,3.189305754365185
4540,20130814,1.3710058661710913
4541,20130815,0.8556141952467439
4542,20130816,0.5547972749460182
4543,20130819,0.7200446251488214
4544,20130820,1.8074450947091638
4545,20130821,0.9374328113539699
4546,20130822,1.0417770542544091
4547,20130823,0.9452615708808522
4548,20130826,0.7607291453425254
4549,20130827,0.4204432903423338
4550,20130828,0.833626253213368
4551,20130829,0.665499500929891
4552,20130830,1.7560311312126846
4553,20130902,1.3836268784079566
4554,20130903,0.7238076885644829
4555,20130904,0.7620892859008791
4556,20130905,0.9956263740083722
4557,20130906,0.8321964744618843
4558,20130909,0.4859581234272563
4559,20130910,0.5298425850763162
4560,20130911,1.066469417354978
4561,20130912,0.6169288077087675
4562,20130913,0.6001439249371529
4563,20130916,0.6253807535848123
4564,20130917,1.071006769861453
4565,20130918,1.0154925543855946
4566,20130923,0.6075027677769976
4567,20130924,2.0493697827771413
4568,20130925,0.8555254659941712
4569,20130926,1.323298693176586
4570,20130927,0.7918226576028367
4571,20130930,0.9855287877231117
4572,20131008,1.382345379695136
4573,20131009,2.882247626000137
4574,20131010,1.27313785033921
4575,20131011,0.810915032617226
4576,20131014,1.3924817291591047
4577,20131015,1.180237940542871
4578,20131016,1.197567790414444
4579,20131017,1.4846913472994263
4580,20131018,3.004547495405701
4581,20131021,1.1438375242746834
4582,20131022,0.5903684830720948
4583,20131023,1.2458393849475653
4584,20131024,1.1769942667127242
4585,20131025,0.42736613044963284
4586,20131028,1.2627377076949655
4587,20131029,1.1129076189398472
4588,20131030,0.7772368355958926
4589,20131031,1.5219540595366063
4590,20131101,1.3829226423411483
4591,20131104,0.9230486208104376
4592,20131105,1.1159401390735062
4593,20131106,1.0724618418791132
4594,20131107,0.9074456955668078
4595,20131108,0.9473497460799211
4596,20131111,0.7251503983330316
4597,20131112,0.8299783512691296
4598,20131113,0.6734623505319288
4599,20131114,0.9974324190453041
4600,20131115,0.8372609454273067
4601,20131118,0.6638233762066538
4602,20131119,0.38070522358112613
4603,20131120,0.9696426888678626
4604,20131121,0.6223277641356718
4605,20131122,0.5595834928061977
4606,20131125,0.5154439415355432
4607,20131126,0.9177771515562213
4608,20131127,0.6348785510964012
4609,20131128,0.8097188379045052
4610,20131129,4.028162355489597
4611,20131202,2.346036586459302
4612,20131203,1.6010658554553778
4613,20131204,0.7454009867930002
4614,20131205,1.0689386769329543
4615,20131206,1.3700485681121626
4616,20131209,1.3502462323621716
4617,20131210,1.9340205787080147
4618,20131211,2.8428102459115387
4619,20131212,3.9482345781545316
4620,20131213,1.3683164085999677
4621,20131216,1.3550027888828722
4622,20131217,2.6701471204434206
4623,20131218,1.5682872702278334
4624,20131219,1.156095575459419
4625,20131220,0.9415267298259203
4626,20131223,1.4590229798217498
4627,20131224,0.8560689786998387
4628,20131225,0.7106602554802682
4629,20131226,1.4021227527681956
4630,20131227,1.3309419489873826
4631,20131230,1.392683602271143
4632,20131231,1.3564393195408566
4633,20140102,0.6686353413235964
4634,20140103,1.099860395121765
4635,20140106,0.9675527033511477
4636,20140107,1.0823459274663887
4637,20140108,1.0038559370459563
4638,20140109,0.9277496597225499
4639,20140110,0.5803730874598773
4640,20140113,1.1740260313257656
4641,20140114,1.110831679924264
4642,20140115,0.7665481020904956
4643,20140116,0.7532327916874295
4644,20140117,1.0098248702330557
4645,20140120,0.6350191683058082
4646,20140121,0.5141722958765854
4647,20140122,0.7647700460164929
4648,20140123,2.1932965276623406
4649,20140130,3.7883775918244678
4650,20140207,2.12621104830978
4651,20140210,1.0018722019845818
4652,20140211,0.7001664425978379
4653,20140212,0.8067758202586761
4654,20140213,1.1985361856659391
4655,20140214,3.2744260681002832
4656,20140217,0.9630039718825828
4657,20140218,1.8253166302241643
4658,20140219,0.6961047932605626
4659,20140220,2.422538401182511
4660,20140221,2.294451625586936
4661,20140224,3.0097861179996594
4662,20140225,1.873779193657752
4663,20140226,3.078157842604487
4664,20140227,1.4441552806840434
4665,20140228,2.448632444809721
4666,20140303,3.1485319819363147
4667,20140304,1.4663769279644707
4668,20140305,1.798115360827194
4669,20140306,1.1497578137630051
4670,20140307,2.0671578410959675
4671,20140310,1.201764473129543
4672,20140311,1.2525381489393947
4673,20140312,1.4734940767505866
4674,20140313,0.7573493879356081
4675,20140314,1.8670856684912744
4676,20140317,0.6874818818452957
4677,20140318,2.0184278110122174
4678,20140319,0.9270278434433513
4679,20140320,1.5570112106022813
4680,20140321,1.093964039934331
4681,20140324,1.1140666230158487
4682,20140325,1.496211509216503
4683,20140326,1.399906513992219
4684,20140327,1.202860668141835
4685,20140328,1.6771175991262266
4686,20140331,5.537644900562031
4687,20140401,1.4576228648512122
4688,20140402,1.2951961406138208
4689,20140403,1.1645767351888954
4690,20140404,1.7405352233798308
4691,20140408,0.9715189237315546
4692,20140409,0.8302633716719415
4693,20140410,1.0088902651544123
4694,20140411,0.8766002767301849
4695,20140414,0.8677732276887087
4696,20140415,1.0288551201629557
4697,20140416,1.4159588875073306
4698,20140417,2.529117576363561
4699,20140418,1.1310623010410132
4700,20140421,1.6735069315198006
4701,20140422,0.6889159557541631
4702,20140423,1.9133137481626186
4703,20140424,1.1362441888550168
4704,20140425,0.6929407736381862
4705,20140428,2.302204836108424
4706,20140429,1.2104143066186555
4707,20140430,0.9646763755743977
4708,20140505,0.9527707040120056
4709,20140506,0.8513341151717533
4710,20140507,1.4159940545128753
4711,20140508,1.2875360396338607
4712,20140509,3.66953774589724
4713,20140512,1.2551834060237197
4714,20140513,1.1331926046208602
4715,20140514,1.5133976121818888
4716,20140515,1.926995890029332
4717,20140516,1.240338109348655
4718,20140519,1.8784604621490022
4719,20140520,1.025163877099085
4720,20140521,0.8403150036445469
4721,20140522,1.0189178044114995
4722,20140523,1.1324882914813716
4723,20140526,2.781433544218802
4724,20140527,1.2035346477015614
4725,20140528,0.7686392151082585
4726,20140529,0.8921731359324484
4727,20140530,0.8298871118189722
4728,20140603,2.295465640822887
4729,20140604,0.9875716955252909
4730,20140605,1.036385288782089
4731,20140606,2.1745237401458732
4732,20140609,0.8142333290147116
4733,20140610,1.0383332156367042
4734,20140611,1.0757537233270553
4735,20140612,1.6309245510662427
4736,20140613,0.7566130172827574
4737,20140616,0.8417741782437498
4738,20140617,0.8671981487070559
4739,20140618,0.6076633072286004
4740,20140619,1.816792799452935
4741,20140620,1.3361852668926297
4742,20140623,0.7090702352521158
4743,20140624,1.0093061929588145
4744,20140625,0.8532782603952334
4745,20140626,4.328603491620006
4746,20140627,2.70772238853795
4747,20140630,2.1939480557055964
4748,20140701,1.1409528244273686
4749,20140702,1.325062076760181
4750,20140703,3.738085306894047
4751,20140704,4.576323259012962
4752,20140707,2.1584431348323134
4753,20140708,1.7341498518183558
4754,20140709,3.1832453816225286
4755,20140710,1.8499781332493896
4756,20140711,2.5069310652628305
4757,20140714,1.7881159712064811
4758,20140715,2.1065152175774697
4759,20140716,2.245585828165534
4760,20140717,2.1315649088619284
4761,20140718,1.5422204523897607
4762,20140721,1.449148382820647
4763,20140722,1.342549812643131
4764,20140723,1.5645477777434897
4765,20140724,1.3042170430564257
4766,20140725,0.7378222611209261
4767,20140728,1.008793625005802
4768,20140729,0.9200404532230295
4769,20140730,1.3807626188686102
4770,20140731,1.3513793374253515
4771,20140801,3.442653366962964
4772,20140804,1.38858549330763
4773,20140805,0.7633076458281447
4774,20140806,1.4805969866977446
4775,20140807,1.8905190051535905
4776,20140808,1.182780642097501
4777,20140811,1.5978235056687227
4778,20140812,4.388631936423519
4779,20140813,2.185908649550948
4780,20140814,2.4232610702176864
4781,20140815,1.7359736029322812
4782,20140818,3.9816263050855225
4783,20140819,1.955367016961656
4784,20140820,1.7582642857794688
4785,20140821,2.1023593402317853
4786,20140822,1.2269927442053197
4787,20140825,1.888931205134685
4788,20140826,1.5122854960116416
4789,20140827,1.4710742333093283
4790,20140828,1.0924096343876037
4791,20140829,2.2419946812369007
4792,20140901,1.2709776904943682
4793,20140902,0.7628507108288195
4794,20140903,0.7034677290316872
4795,20140904,1.3920143149484914
4796,20140905,1.2592739427724307
4797,20140909,0.9676273394505827
4798,20140910,1.2045481157680964
4799,20140911,1.1746376464756492
4800,20140912,0.8321245756861262
4801,20140915,0.7910347411631485
4802,20140916,1.8875187273966243
4803,20140917,2.3456721732287504
4804,20140918,1.1623143604850772
4805,20140919,1.1843592240828893
4806,20140922,1.3740278515324156
4807,20140923,0.8882940173791508
4808,20140924,0.732371935402363
4809,20140925,1.3704942265475077
4810,20140926,1.7534450546940152
4811,20140929,2.7420688208625177
4812,20140930,1.4051238366614953
4813,20141008,1.8018418671541945
4814,20141009,1.233342572510217
4815,20141010,1.052862056021272
4816,20141013,1.0620166866499734
4817,20141014,1.2542481582596725
4818,20141015,1.3193909222684308
4819,20141016,1.846884074099078
4820,20141017,2.5161741651421714
4821,20141020,1.3560479624237212
4822,20141021,1.0039048605853176
4823,20141022,1.6789364457779103
4824,20141023,1.2580020226484732
4825,20141024,1.003398591011331
4826,20141027,0.9897675178101081
4827,20141028,1.9465918541005676
4828,20141029,1.0396619580693531
4829,20141030,0.7658517801378034
4830,20141031,0.8212086087340382
4831,20141103,1.0949006136988175
4832,20141104,1.8644872342885177
4833,20141105,0.9355662915057332
4834,20141106,0.9342370170147277
4835,20141107,1.105077381018245
4836,20141110,0.7374514994185701
4837,20141111,0.8145272700195882
4838,20141112,2.409259111700683
4839,20141113,0.5871516982464755
4840,20141114,0.6499077037935435
4841,20141117,2.8754277700927022
4842,20141118,1.7649548984575738
4843,20141119,3.8987662401338112
4844,20141120,3.437830069395136
4845,20141121,1.5942414031378462
4846,20141124,1.2640798945687672
4847,20141125,1.3458017925187586
4848,20141126,0.607238334793328
4849,20141127,1.2196828831436382
4850,20141128,0.9246167358067431
4851,20141201,0.7910254295132878
4852,20141202,1.3323077606146128
4853,20141203,0.5256211248232657
4854,20141204,0.7518669618044043
4855,20141205,0.7285064741959831
4856,20141208,1.0941432786077732
4857,20141209,0.8383418347472053
4858,20141210,0.6568627076722526
4859,20141211,0.7004609427426317
4860,20141212,0.8356072536887473
4861,20141215,0.6694786362653702
4862,20141216,0.5615806811101544
4863,20141217,0.3708451821119384
4864,20141218,0.8388611072610309
4865,20141219,0.7559702226440165
4866,20141222,1.0557850050931437
4867,20141223,0.7367845668558778
4868,20141224,0.3589951525337342
4869,20141225,0.45749145299824234
4870,20141226,0.48007049628225823
4871,20141229,0.9487985081954946
4872,20141230,1.127826913361854
4873,20141231,0.794359460432605
4874,20150105,0.3257050639246862
4875,20150106,0.42787781143628534
4876,20150107,0.28193638947128485
4877,20150108,0.7383593504622007
4878,20150109,0.40283016821507756
4879,20150112,0.5192448907765183
4880,20150113,0.7765579820254682
4881,20150114,0.49743754061081313
4882,20150115,0.2913828791808409
4883,20150116,0.5682906335472909
4884,20150119,1.2137205979016374
4885,20150120,0.4793608889352168
4886,20150121,0.37277007432963705
4887,20150122,0.9606606732561872
4888,20150123,0.3762901705789708
4889,20150126,1.4289796079567907
4890,20150127,1.3109135795767273
4891,20150128,0.8862680119000401
4892,20150129,1.1187203729929043
4893,20150130,1.1994591927674305
4894,20150202,0.7204823155506287
4895,20150203,0.3654084233718244
4896,20150204,0.8562856813617968
4897,20150205,0.788241461747344
4898,20150206,0.9500665716783823
4899,20150209,0.884016107301744
4900,20150210,0.8118649720173697
4901,20150211,0.782898696915497
4902,20150212,0.42975106776492417
4903,20150213,0.7883611332871285
4904,20150216,0.6540797581237576
4905,20150217,1.5676673544528916
4906,20150225,1.0546818699111409
4907,20150226,0.7363741448015841
4908,20150227,0.525456309628049
4909,20150302,1.1409356638642136
4910,20150303,0.4111202175218933
4911,20150304,0.9140058618506429
4912,20150305,0.7906911179763861
4913,20150306,1.352982213820545
4914,20150309,1.2139240708145047
4915,20150310,1.1138757386686113
4916,20150311,0.7219921010857526
4917,20150312,0.7584016049174945
4918,20150313,0.6025526679038936
4919,20150316,1.3598875292776953
4920,20150317,1.3392423696480684
4921,20150318,0.8974839258087564
4922,20151103,4.656269441970875
4923,20151104,1.5738354746004415
4924,20151105,0.628135492599869
4925,20151106,0.7664349857309175
4926,20151109,2.0390234936419835
4927,20151110,1.9865208783819548
4928,20151111,2.877820521185442
4929,20151112,1.4032623334583552
4930,20151113,1.7800447929702934
4931,20151116,2.178997697031291
4932,20151117,1.3054671519208896
4933,20151118,1.729705767724301
4934,20151119,1.5874843522978963
4935,20151120,2.5821444554245314
4936,20151123,1.1917836738895984
4937,20151124,1.8393274098209274
4938,20151125,2.9511231849874116
4939,20151126,1.3820912272784003
4940,20151127,1.2814010967731266
4941,20151130,1.2669516872225792
4942,20151201,0.8726666328469191
4943,20151202,0.9442451657293821
4944,20151203,0.7349356859403545
4945,20151204,1.2175341381849871
4946,20151207,0.902858369541545
4947,20151208,1.2439646996146878
4948,20151209,1.0160880395552028
4949,20151210,0.7008231923992817
4950,20151211,2.112970887259781
4951,20151214,0.760137485538867
4952,20151215,2.165636596634752
4953,20151216,0.9782735014165703
4954,20151217,1.0844704244456342
4955,20151218,0.8387733375602738
4956,20151221,0.5259019826305061
4957,20151222,0.6547525381439664
4958,20151223,0.6985667660289366
4959,20151224,1.2279460758639638
4960,20151225,0.9991239560340244
4961,20151228,0.833098113189873
4962,20151229,1.0566268451435503
4963,20151230,0.8157605236837118
4964,20151231,1.228205423980145
4965,20160104,1.3943136295386356
4966,20160105,1.189596959649482
4967,20160106,1.0547968213649201
4968,20160107,1.1311804972191593
4969,20160108,1.1417257389746007
4970,20160111,1.378700107003562
4971,20160112,1.3285324137123333
4972,20160113,2.1070144571967266
4973,20160114,1.4249032317573083
4974,20160115,1.8957896200385294
4975,20160118,1.9539464995002285
4976,20160119,1.0652950259063638
4977,20160120,2.191103472470136
4978,20160121,0.9006856639908175
4979,20160122,1.1697861523287465
4980,20160125,3.2922254444817742
4981,20160127,1.0818359032191514
4982,20160128,1.6256100912621019
4983,20160129,1.1386460488685044
4984,20160201,1.2283309051432671
4985,20160202,1.1609872686654932
4986,20160203,2.1350064268095617
4987,20160204,1.793510645021503
4988,20160205,1.2895504053203803
4989,20160215,0.8297301961001035
4990,20160216,1.2234040382654832
4991,20160217,1.3960229684934218
4992,20160218,1.4377297572726115
4993,20160219,2.464893449746623
4994,20160222,1.3799133814293967
4995,20160223,1.3071425701690538
4996,20160224,0.9077391597051331
4997,20160225,1.2370701593588043
4998,20160226,1.0462378980518192
4999,20160229,1.3484862192414933
5000,20160301,0.9441331629697018
5001,20160302,1.0239114551398882
5002,20160303,2.8967480966687256
5003,20160304,1.3765825548590833
5004,20160307,1.0446119203729314
5005,20160308,2.003236987240552
5006,20160309,1.335445315122696
5007,20160310,1.092148304295742
5008,20160311,0.9695583398625771
5009,20160314,1.0683337816993015
5010,20160315,0.8151843693528763
5011,20160316,2.264599500727557
5012,20160317,1.695361810018872
5013,20160318,0.9834657511831459
5014,20160321,0.7887331187874502
5015,20160322,0.590666941887071
5016,20160323,0.9553112617058566
5017,20160324,1.026849105310987
5018,20160325,1.9717202848423812
5019,20160328,1.1161784246111508
5020,20160329,1.2055392007972212
5021,20160330,1.0703161052458083
5022,20160331,0.7390961578942136
5023,20160401,2.7641991175079124
5024,20160405,1.881454237636272
5025,20160406,1.3965386034617269
5026,20160407,1.129465385435118
5027,20160408,1.8196595644376348
5028,20160411,1.789830248609306
5029,20160412,1.7663503009451489
5030,20160413,0.7448198767104759
5031,20160414,1.6901351569971916
5032,20160415,2.5503957065875293
5033,20160418,2.2403689276066956
5034,20160419,1.6889522330213607
5035,20160420,1.746034973836458
5036,20160421,1.4939421134438742
5037,20160422,1.6246511037325495
5038,20160425,1.705544560458552
5039,20160427,2.137640368802745
5040,20160428,2.0736255976537854
5041,20160429,3.079244966890737
5042,20160503,1.5253758944086087
5043,20160504,1.1933103262030496
5044,20160505,1.0316833447839748
5045,20160506,2.028958013267137
5046,20160509,0.6198760604471625
5047,20160510,1.2279438515868537
5048,20160511,1.6225079336879513
5049,20160512,0.6955796249440362
5050,20160513,1.132919590422663
5051,20160516,1.4468746471863474
5052,20160517,1.1638648712722706
5053,20160518,0.9436224855218592
5054,20160519,1.8655833882300743
5055,20160520,1.6435668196425963
5056,20160523,1.0555207488641771
5057,20160524,1.4371678016280245
5058,20160525,1.1120717783721783
5059,20160526,1.3392705029518146
5060,20160527,1.1588674610604695
5061,20160530,0.7462809573877498
5062,20160531,1.1579761234487052
5063,20160601,1.429506637762993
5064,20160602,2.417802575742205
5065,20160603,0.8858052159704416
5066,20160606,1.0499801214820794
5067,20160607,1.6176560899725925
5068,20160608,1.003335447185616
5069,20160613,1.703119151291402
5070,20160614,1.2231650770717708
5071,20160615,0.9187848182841999
5072,20160616,0.6669251621959303
5073,20160617,0.7201262404154518
5074,20160620,0.7613942794085745
5075,20160621,1.3001167954039121
5076,20160622,0.5368884163665829
5077,20160623,0.989335751652998
5078,20160624,1.1331839986135481
5079,20160627,1.2057577172837066
5080,20160628,0.8321716120335212
5081,20160629,0.4795158485847598
5082,20160630,0.6122145427818716
5083,20160701,2.135646727816001
5084,20160704,0.7228393158356451
5085,20160705,0.5178549509508044
5086,20160706,0.9468646767429343
5087,20160707,0.956799208986527
5088,20160708,0.8239967358496194
5089,20160711,1.2267093564263263
5090,20160712,0.7061920739382078
5091,20160713,0.7260288284969614
5092,20160714,0.44722213543578465
5093,20160715,1.0084041231593355
5094,20160718,0.514903839223836
5095,20160719,0.629602735350635
5096,20160720,0.7622290817089338
5097,20160721,0.6189144029100421
5098,20160722,0.9300429369713611
5099,20160725,0.7836011404339477
5100,20160726,0.7893455565132736
5101,20160727,0.8273908497436079
5102,20160728,0.7515254282586014
5103,20160729,0.6322139771668974
5104,20160801,1.5995373801704011
5105,20160802,0.712368824940181
5106,20160803,1.5086641627879145
5107,20160804,1.7407745439852989
5108,20160805,1.0433972068607589
5109,20160808,1.1583488081414715
5110,20160809,0.7418818188183558
5111,20160810,0.677222216705189
5112,20160811,0.44792269535559676
5113,20160812,0.9713591347089272
5114,20160815,0.45311146824139414
5115,20160816,0.4422598668206196
5116,20160817,0.949570832223328
5117,20160818,0.7831717885641267
5118,20160819,0.45226499234996226
5119,20160822,0.9812679705968324
5120,20160823,0.5953363284439749
5121,20160824,0.4368485417166659
5122,20160825,1.0584066522397335
5123,20160826,2.7215555704979613
5124,20160829,1.2604263365502575
5125,20160830,1.0400928573613375
5126,20160831,0.47823805266894565
5127,20160901,2.729968462459131
5128,20160920,1.4878482798200303
5129,20160921,0.7547228082147223
5130,20160922,1.6864173282005732
5131,20160923,1.0689994875932107
5132,20160926,1.1255542954536881
5133,20160927,0.7776234218604333
5134,20160928,0.7700130760147035
5135,20160929,1.017636422825034
5136,20160930,1.5714924475800733
5137,20161010,1.0338278474626565
5138,20161011,1.278689504513455
5139,20161012,1.1788671574123633
5140,20161013,1.103237544157246
5141,20161014,1.3343952788145743
5142,20161017,1.1897627249780516
5143,20161018,0.6655198386463871
5144,20161019,0.6418914543335748
5145,20161020,0.9844356564849261
5146,20161021,1.0957572680116203
5147,20161024,0.5933710136128191
5148,20161025,1.1750057806435956
5149,20161026,1.3273762864189826
5150,20161027,0.9144487021142973
5151,20161028,0.7396593429350444
5152,20161031,2.2112043078493744
5153,20161101,1.2697942238568716
5154,20161102,1.1791013823593155
5155,20161103,0.8011827422429564
5156,20161104,0.9178459393406906
5157,20161107,1.20606952202127
5158,20161108,1.0837484135086124
5159,20161109,1.202840409433007
5160,20161110,1.998260679329584
5161,20161111,1.8701554537253589
5162,20161114,1.8213405327490428
5163,20161115,0.8152688351567948
5164,20161116,1.2940199391039906
5165,20161117,0.9439770767761483
5166,20161118,1.0587449697889653
5167,20161121,0.524862656833811
5168,20161122,1.4301381249579401
5169,20161123,1.4088718603853922
5170,20161124,0.8953494458057565
5171,20161125,1.302762689962841
5172,20161128,0.6080307385332805
5173,20161129,0.8979423618375407
5174,20161130,1.1105792336941138
5175,20161201,0.8922359106429986
5176,20161202,1.1569114725410323
5177,20161205,0.7232707808061201
5178,20161206,0.7813907409177032
5179,20161207,1.0325129024659223
5180,20161208,0.6333210309544887
5181,20161209,0.5548487165313777
5182,20161212,0.9992559468123972
5183,20161213,0.9875787229939629
5184,20161214,0.9943051958918621
5185,20161215,0.9642226692977974
5186,20161216,0.7061616544374116
5187,20161219,0.5284479908269358
5188,20161220,1.2524786824849032
5189,20161221,0.43866690493718835
5190,20161222,0.5227372537657593
5191,20161223,1.0716330583815519
5192,20161226,0.7166531671489211
5193,20161227,1.0386574774036432
5194,20161228,1.6011199895468957
5195,20161229,1.3366530450370522
5196,20161230,0.7186809583666032
5197,20170103,0.5176946565748447
5198,20170104,0.6039053703451477
5199,20170105,0.7786521141472299
5200,20170106,0.49776779267133214
5201,20170109,1.0174505265416192
5202,20170110,0.6906146120434197
5203,20170111,0.9285111195596707
5204,20170112,1.1776260725039742
5205,20170113,1.138990799821048
5206,20170116,0.8971538219912082
5207,20170117,1.4457473487825478
5208,20170118,1.0865049348711149
5209,20170119,0.6756841815014647
5210,20170120,1.2526839547331992
5211,20170123,0.8317932631778485
5212,20170124,0.5850928373552302
5213,20170125,0.5857106050550163
5214,20170126,1.0272434293861537
5215,20170203,0.6938161916542197
5216,20170206,1.1652322711101677
5217,20170207,0.6691640926888541
5218,20170208,0.5789638728754174
5219,20170209,0.44417613167796527
5220,20170210,0.4679543792018318
5221,20170213,0.44654961173414753
5222,20170214,1.0205325360751036
5223,20170215,0.8103009710231771
5224,20170216,1.0191015910264858
5225,20170217,0.9585938926358741
5226,20170220,0.546769473020736
5227,20170221,0.33573161168987004
5228,20170222,0.5075799566779338
5229,20170223,0.7090444189326609
5230,20170224,1.273522099399473
5231,20170227,0.8452657707014671
5232,20170228,1.1515515329712278
5233,20170301,2.3221247194462644
5234,20170302,1.1498580115515875
5235,20170303,1.0561895239885444
5236,20170306,1.975629659416477
5237,20170307,0.8943136348764421
5238,20170308,1.5128044588919582
5239,20170309,2.061223792319782
5240,20170310,0.7042226262676257
5241,20170313,1.3423555337339128
5242,20170314,1.0769059850906917
5243,20170315,1.3822154050047841
5244,20170316,0.702420122245113
5245,20170317,1.274180486338357
5246,20170320,1.1021356484217117
5247,20170321,1.035420571038991
5248,20170322,0.9263379248205904
5249,20170323,1.278854298305037
5250,20170324,0.6221759284429136
5251,20170327,1.3999113110075723
5252,20170328,1.3696420367783113
5253,20170329,0.7974524495713058
5254,20170330,1.1027475495934975
5255,20170331,0.737701127071557
5256,20170405,1.2115251488756293
5257,20170406,1.3566687084042606
5258,20170407,1.2911863685437706
5259,20170410,0.9023553468027465
5260,20170412,2.6431964568494384
5261,20170413,1.7058690776952037
5262,20170414,1.2942039763797113
5263,20170417,0.8363439780072769
5264,20170418,0.7013663679375114
5265,20170419,1.4204736317240492
5266,20170420,1.1589164318226652
5267,20170421,0.4957645199977731
5268,20170424,2.3152811783511718
5269,20170425,1.1840964823025686
5270,20170426,1.0622270907916866
5271,20170427,1.3650780189617457
5272,20170428,1.3852442056087448
5273,20170502,2.1862063321024294
5274,20170503,0.7866521910204888
5275,20170504,0.812217953116843
5276,20170505,1.3613523992159493
5277,20170508,1.0802328577854523
5278,20170509,0.8536846898601733
5279,20170510,1.0411660334808446
5280,20170511,1.7101080694014792
5281,20170512,0.9091097858048609
5282,20170515,0.9451076006106095
5283,20170516,1.0239847761249405
5284,20170517,0.9897767765481968
5285,20170518,1.0929970289422295
5286,20170519,1.1115221921645313
5287,20170522,1.9811306284444807
5288,20170523,1.6951646683353625
5289,20170524,1.434860994319597
5290,20170525,1.9242799031286362
5291,20170526,0.9047026548172505
5292,20170531,1.396222063724932
5293,20170601,1.2943134292658038
5294,20170602,1.312859334150515
5295,20170605,0.8189319768636412
5296,20170606,0.9031039990947242
5297,20170607,1.5073728441163392
5298,20170608,1.1217857932354407
5299,20170609,0.8778917361331079
5300,20170612,1.6442053184234602
5301,20170613,1.1051746786315813
5302,20170614,0.7660749877552641
5303,20170615,1.3496532190791726
5304,20170616,1.0218130332194408
5305,20170619,2.1919762135270435
5306,20170620,0.9690837493171659
5307,20170621,1.2821119473342795
5308,20170622,1.4376967198138377
5309,20170623,1.258093229923028
5310,20170626,0.8517917720136249
5311,20170627,1.0029480409581486
5312,20170628,0.8960674064419271
5313,20170629,1.0110974512065993
5314,20170630,0.7752824411774555
5315,20170703,0.8205326981888845
5316,20170704,1.1713050368841325
5317,20170705,1.2442001872863584
5318,20170706,0.8554229733907137
5319,20170707,0.6085179387434249
5320,20170710,0.5219136258809715
5321,20170711,0.6923734985116394
5322,20170712,1.143261138550785
5323,20170713,0.6719023893014775
5324,20170714,0.8558908365651958
5325,20170717,1.2921237244178885
5326,20170718,1.4536446588042675
5327,20170719,0.6828174409035174
5328,20170720,1.4170054594423573
5329,20170721,0.6864565575455827
5330,20170724,0.7734816657063006
5331,20170725,1.0111642428493848
5332,20170726,0.4923485783142385
5333,20170727,1.0953353167345112
5334,20170728,1.16865823273785
5335,20170731,0.8478276430616012
5336,20170801,0.6246385811030132
5337,20170802,0.5471181580583963
5338,20170803,0.6482956478089298
5339,20170804,0.8597727496057719
5340,20170807,0.9884454482220631
5341,20170808,0.638569307778513
5342,20170809,1.1019117241616008
5343,20170810,0.8945520483479259
5344,20170811,0.7813247175489054
5345,20170814,0.8415669413548661
5346,20170815,0.6449844161667313
5347,20170816,0.9412821797308168
5348,20170817,0.7077245394792281
5349,20170818,0.9283324952546359
5350,20170821,0.6132241481971042
5351,20170822,0.9456455542302239
5352,20170823,0.49684832374890714
5353,20170824,0.5792347400127897
5354,20170825,0.41378303188496984
5355,20170828,0.5251013300410272
5356,20170829,0.5726166360022815
5357,20170830,2.602896038686947
5358,20170831,1.975119443578074
5359,20170901,0.861662558250969
5360,20170904,0.9241107850692539
5361,20170905,1.1421393358003302
5362,20170906,0.8276561476523426
5363,20170907,1.4122915883304825
5364,20170908,0.954945325549166
5365,20170911,1.1716977593014406
5366,20170912,0.6273477474741443
5367,20170913,0.9047322522321222
5368,20170914,0.6676382806103071
5369,20170915,0.8133330044226246
5370,20170918,1.187528058368871
5371,20170919,1.3291634829780228
5372,20170920,0.9078298098753373
5373,20170921,1.021859940138323
5374,20170922,1.1584421738486201
5375,20170925,1.5266549703246417
5376,20170926,1.2812203178457258
5377,20170927,0.9036085561558558
5378,20170928,0.6121497751681707
5379,20170929,0.7141500647819027
5380,20171009,0.37586934630480046
5381,20171010,0.7558239615891439
5382,20171011,0.6688076974257987
5383,20171012,0.638575134305916
5384,20171013,1.044345992332957
5385,20171016,1.4914408369078345
5386,20171017,0.7948198636335883
5387,20171018,1.7805473440228956
5388,20171019,1.5537546611330475
5389,20171020,0.8910919469758329
5390,20171023,0.8151599730300996
5391,20171024,1.0181348052061958
5392,20171025,0.5719686690716069
5393,20171026,0.5115023839342656
5394,20171027,0.718341758115758
5395,20171030,1.1964914550669754
5396,20171031,0.4564150380556905
5397,20171101,0.6068183491040614
5398,20171102,1.2676819191272035
5399,20171103,0.8701548228183053
5400,20171106,0.5758058222572296
5401,20171107,0.6523804006674115
5402,20171108,1.453996890726976
5403,20171109,0.6973685938666756
5404,20171110,0.6937597445745277
5405,20171113,0.41767696004031735
5406,20171114,0.9793204374935189
5407,20171115,1.868583128169364
5408,20171116,0.6997325850229267
5409,20171117,1.2234953590604376
5410,20171120,0.7956315767597165
5411,20171121,0.45784786707022185
5412,20171122,0.3473189598935796
5413,20171123,0.43629163762192436
5414,20171124,0.5974116768217828
5415,20171127,1.31343554515621
5416,20171128,0.5656762083375237
5417,20171129,0.7332692674350937
5418,20171130,0.9443258759682425
5419,20171201,1.1064091686782334
5420,20171204,0.7937154203219787
5421,20171205,1.1335793471276887
5422,20171206,0.9199155886391511
5423,20171207,0.9929503707514754
5424,20171208,0.7800119758892419
5425,20171211,0.691401329569184
5426,20171212,0.87588873346516
5427,20171213,1.5763852243141414
5428,20171214,0.6513671259661526
5429,20171215,0.8028795259828896
5430,20171218,0.5123906585579316
5431,20171219,0.6596337578675793
5432,20171220,1.0813777547600472
5433,20171221,0.46886029637849386
5434,20171222,0.49223506100614284
5435,20171225,0.7112085815706721
5436,20171226,0.5551965961301004
5437,20171227,0.5861767333709742
5438,20171228,0.46199882908276957
5439,20171229,0.5325283851389122
5440,20180102,0.47782142449323317
5441,20180103,0.43773084238946847
5442,20180104,0.39883772358045544
5443,20180105,0.49724908445640575
5444,20180108,0.4315810813358317
5445,20180109,0.4184520415694842
5446,20180110,0.9209290021714197
5447,20180111,0.8029759526518274
5448,20180112,0.3432351606150537
5449,20180115,1.158996434049835
5450,20180116,0.8350168193655353
5451,20180117,0.6276845818293879
5452,20180118,0.4884283817596472
5453,20180119,0.35372020186987585
5454,20180425,2.782142030087564
5455,20180426,2.7672382755702674
5456,20180427,2.749009768774913
5457,20180502,0.8366525463391221
5458,20180503,0.9955523025553293
5459,20180504,2.0668072795016164
5460,20180507,1.6300855814665975
5461,20180508,0.8268835888961138
5462,20180509,0.7343703826862464
5463,20180510,1.3907588704043
5464,20180511,0.6842709579419511
5465,20180514,1.1724616585967635
5466,20180515,0.8159699472482288
5467,20180516,2.3944909065707436
5468,20180517,1.020346713488598
5469,20180518,0.5302409908295703
5470,20180521,0.7218330932306489
5471,20180522,0.523465464429845
5472,20180523,0.6554576360041443
5473,20180524,0.6527561532227061
5474,20180525,1.002316456473688
5475,20180528,1.1424192362532126
5476,20180529,0.5742382770081214
5477,20180530,0.9289757592392668
5478,20180531,1.5830528741777632
5479,20180601,0.8464653564870567
5480,20180604,1.4773894832708883
5481,20180605,0.714723535678887
5482,20180606,0.8073640643049549
5483,20180607,0.6370669678915258
5484,20180608,0.837925456960612
5485,20180611,0.6687709509316495
5486,20180612,1.3166070117443855
5487,20180613,1.203536242273735
5488,20180614,0.6687843871796413
5489,20180615,1.1830266225218808
5490,20180619,1.5558052529335404
5491,20180620,1.0063768514229654
5492,20180621,0.800231144950825
5493,20180622,0.8096740978300704
5494,20180625,0.5133881441453292
5495,20180626,0.9641866982173315
5496,20180627,0.8020393426480155
5497,20180628,2.5794334268993326
5498,20180629,2.7099329058468338
5499,20180702,0.7034674857584087
5500,20180703,0.9862123182614851
5501,20180704,1.3991075792341408
5502,20180705,1.4943482383547213
5503,20180706,0.9090746235680394
5504,20180709,0.5658877229580508
5505,20180710,3.7364344488690375
5506,20180711,2.939607037259889
5507,20180712,2.760450478558726
5508,20180713,4.298559559054363
5509,20180716,2.6939439281574917
5510,20180717,4.257178562027294
5511,20180718,2.625880947047962
5512,20180719,2.7310922101569197
5513,20180720,1.3905043715082648
5514,20180723,2.1985675577731465
5515,20180724,1.2906171118382572
5516,20180725,3.5145732745900995
5517,20180726,0.9645608857779384
5518,20180727,1.3162418844242265
5519,20180730,3.0947447356419158
5520,20180731,2.4792137904376705
5521,20180801,1.5960587079312685
5522,20180802,1.6556974125366575
5523,20180803,3.2056166042586973
5524,20180806,1.5874565046218294
5525,20180807,0.9123063071067932
5526,20180808,1.4245924919849695
5527,20180809,0.7456651422478086
5528,20180810,1.127290770259896
5529,20180813,0.8221892223294995
5530,20180814,1.5394843900306465
5531,20180815,1.4926522199021026
5532,20180816,0.960485095164538
5533,20180817,1.097008352659407
5534,20180820,1.490074550799323
5535,20180821,1.8133410090700028
5536,20180822,1.3264651555764906
5537,20180823,0.9178272229152746
5538,20180824,0.823709897556883
5539,20180827,1.7309303943697003
5540,20180828,0.8954369202750718
5541,20180829,0.978606182009331
5542,20180830,1.2435139852324657
5543,20180831,2.757564140605868
5544,20180903,0.7460185436993986
5545,20180904,1.5547921377237939
5546,20180905,1.0382185616457702
5547,20180906,1.69588370179703
5548,20180907,1.4750920892311066
5549,20180910,1.0024576136925216
5550,20180911,1.1882434324850693
5551,20180912,1.2004350112969537
5552,20180913,0.8368864061665506
5553,20180914,0.8509774608522758
5554,20180917,1.474727255596552
5555,20180918,0.7283847761141872
5556,20180919,0.9940262906917636
5557,20180920,0.7420279754170058
5558,20180921,0.46872973423500064
5559,20180925,0.9350929018128529
5560,20180926,0.4667020318113675
5561,20180927,2.8948864564675114
5562,20180928,1.3014293696385166
5563,20181008,0.918708803059898
5564,20181009,0.7099286202542933
5565,20181010,0.625973348537488
5566,20181011,1.6251645934235428
5567,20181012,1.2114212670931173
5568,20181015,0.7729388275050324
5569,20181016,1.2500093677772226
5570,20181017,2.280454259882735
5571,20181018,1.2245085281458403
5572,20181019,0.6363024230368897
5573,20181022,1.1351784996853123
5574,20181023,1.2066201319679595
5575,20181024,0.6500023736181949
5576,20181025,0.7490368582846064
5577,20181026,0.7358993380017284
5578,20181029,0.782657050369279
5579,20181030,0.8324403787601921
5580,20181031,1.7581744604597878
5581,20181101,0.7551373668146525
5582,20181102,0.4733372628821061
5583,20181105,1.239270222161214
5584,20181106,1.6546744007931689
5585,20181107,1.3696729287161336
5586,20181108,1.3008918143657644
5587,20181109,0.9602705255278376
5588,20181112,1.7582904820636247
5589,20181113,1.802555082777037
5590,20181114,1.713419965793138
5591,20181115,0.6613385341782423
5592,20181116,0.8411354706508689
5593,20181119,0.7435184888892908
5594,20181120,1.017195332034461
5595,20181121,2.1593362304319235
5596,20181122,2.560321397308438
5597,20181123,2.5166597031767624
5598,20181126,1.3915546938351326
5599,20181127,1.116986325784327
5600,20181128,1.1322227977445838
5601,20181129,1.1504212360956065
5602,20181130,1.2133425331689105
5603,20181203,0.7167507508148914
5604,20181204,0.6836970340234829
5605,20181205,0.8347039832920227
5606,20181206,1.2356521522246868
5607,20181207,1.105554285420759
5608,20181210,1.622985528560485
5609,20181211,3.544054179188701
5610,20181212,1.4505061619664712
5611,20181213,1.0977587849005663
5612,20181214,3.3140024909310046
5613,20181217,2.306552107860875
5614,20181218,1.4729401674595488
5615,20181219,1.1170200089214815
5616,20181220,0.5489372695820832
5617,20181221,1.4086350632491282
5618,20181224,1.6672066669560843
5619,20181225,1.2923892751269552
5620,20181227,3.423069923170521
5621,20181228,2.494557450970789
5622,20190102,0.5046741790483105
5623,20190103,0.645990550831133
5624,20190104,1.1066993940185357
5625,20190107,0.8559441135128959
5626,20190108,0.9584351045434514
5627,20190109,1.0833235738254867
5628,20190110,0.7986344409933746
5629,20190111,0.9888990690415966
5630,20190114,0.793722182143647
5631,20190115,0.6982332241019226
5632,20190116,1.0354075069072874
5633,20190117,0.9023556705870763
5634,20190118,3.774404328505723
5635,20190121,0.7583969946518477
5636,20190122,1.2291171670072931
5637,20190123,1.1919281435583216
5638,20190124,1.0360355154185343
5639,20190125,0.49645315537745005
5640,20190128,0.738242651048648
5641,20190129,1.6573861702391177
5642,20190130,1.2673210823046412
5643,20190131,1.4102414604024613
5644,20190201,1.0987454158983878
5645,20190211,1.1873208539872186
5646,20190212,1.0165186772832902
5647,20190213,1.0221310541791944
5648,20190214,0.777966852226037
5649,20190215,0.6435160964007842
5650,20190218,1.037967517416552
5651,20190219,1.2719218759025774
5652,20190220,1.7140722988534163
5653,20190221,0.9735932162271895
5654,20190222,0.9228487990039363
5655,20190225,0.709820042418262
5656,20190226,0.7543493632442784
5657,20190227,0.8240726452058168
5658,20190228,0.660237652434458
5659,20190301,1.0181572653609194
5660,20190304,0.6470833283889688
5661,20190305,1.4158223847147078
5662,20190306,1.959206059111084
5663,20190307,1.7346990361517445
5664,20190308,1.4522863878025594
5665,20190311,2.053344134888053
5666,20190312,2.8887318868206013
5667,20190313,1.9345766775020463
5668,20190314,2.2346604091670272
5669,20190315,2.015319597923254
5670,20190318,2.4757513209305797
5671,20190319,2.0986221224560078
5672,20190320,1.3554680145681393
5673,20190321,2.2869146937368794
5674,20190322,1.4082378085679679
5675,20190325,0.7123768503278987
5676,20190326,1.4003550074608364
5677,20190327,2.107859847183047
5678,20190328,1.531472477822927
5679,20190329,2.3771028808046157
5680,20190401,1.4282546457397087
5681,20190402,3.677596506346404
5682,20190403,2.553839503180487
5683,20190404,2.040988297295396
5684,20190408,2.012527645373538
5685,20190409,1.7156870514377411
5686,20190410,1.514293891499717
5687,20190411,1.7590595510671345
5688,20190412,2.419252585291378
5689,20190415,2.8778601905507797
5690,20190416,1.0775865881430486
5691,20190417,2.58433549778265
5692,20190418,1.5072753351380415
5693,20190419,0.971589887008786
5694,20190422,0.9009815927899839
5695,20190423,1.5593959217369104
5696,20190424,0.7658738720355298
5697,20190425,2.0857476027813293
5698,20190426,1.2458546143518572
5699,20190429,2.157537910433268
5700,20190430,1.9267912208055848
5701,20190506,2.0520427246024067
5702,20190507,2.0552344732577925
5703,20190508,2.1958001229093007
5704,20190509,1.4358561410288426
5705,20190510,1.646405373926095
5706,20190513,2.3338376946010873
5707,20190514,1.3975459107075825
5708,20190515,1.8741489471290655
5709,20190516,1.5953167126191798
5710,20190517,1.0121083678447358
5711,20190520,1.930601823529638
5712,20190521,1.4162975954150414
5713,20190522,2.366252815057338
5714,20190523,1.644723276081602
5715,20190524,2.3599107113971365
5716,20190527,1.8107334955271421
5717,20190528,1.0014740604697967
5718,20190529,0.832770786356945
5719,20190530,1.8837703023757963
5720,20190531,1.2783518085360936
5721,20190603,1.620241643597403
5722,20190604,1.2538370403386825
5723,20190605,1.6405633386530594
5724,20190606,1.0673066483032845
5725,20190610,0.8893612590482469
5726,20190611,2.515461317673532
5727,20190612,3.6239886090618167
5728,20190613,1.3589571828260223
5729,20190614,1.7579127503012957
5730,20190617,1.3791859003429785
5731,20190618,2.3858835000517025
5732,20190619,2.609391722052103
5733,20190620,1.0960733002058762
5734,20190621,1.1609893755008642
5735,20190624,1.0864138487483792
5736,20190625,1.2106341950479875
5737,20190626,4.381487827550417
5738,20190627,1.3758577080221368
5739,20190628,2.3082567482972167
5740,20190701,1.6128807518671575
5741,20190702,1.7864109446367757
5742,20190703,1.2936967134795427
5743,20190704,0.7225945879154688
5744,20190705,1.815877084616082
5745,20190708,2.1302159371056506
5746,20190709,2.1017474787839427
5747,20190710,1.8691024954688973
5748,20190711,2.018219244138993
5749,20190712,0.895390799901546
5750,20190715,0.7160490730468454
5751,20190716,1.4537557628217257
5752,20190717,1.8233213812176299
5753,20190718,1.5449575735168997
5754,20190719,0.9216233864854532
5755,20190722,2.092369553326915
5756,20190723,1.1232612323487166
5757,20190724,2.0454739158715527
5758,20190725,2.0335501028894796
5759,20190726,1.2849370458154583
5760,20190729,3.4213011041889616
5761,20190730,1.0382271891992123
5762,20190731,0.9567758162728472
5763,20190801,1.0479148873877782
5764,20190802,0.8217210336904065
5765,20190805,0.5334053157306213
5766,20190806,1.982429705264878
5767,20190807,1.173304163730551
5768,20190808,0.8632811154324044
5769,20190809,0.8429038038817481
5770,20190812,0.8474708764317826
5771,20190813,1.6853293142300285
5772,20190814,0.8408056690290835
5773,20190815,1.447766531764526
5774,20190816,2.6501402997913956
5775,20190819,1.9194351881252283
5776,20190820,1.560162389108403
5777,20190821,1.5076605140242123
5778,20190822,1.0590076481092492
5779,20190823,0.7921324112452794
5780,20190826,0.8877993188794326
5781,20190827,0.7325535211240911
5782,20190828,0.9953673686173872
5783,20190829,0.6949809305453729
5784,20190830,1.4077020354235876
5785,20190902,0.8605172691279397
5786,20190903,0.8300498693885633
5787,20190904,0.91056868670268
5788,20190905,0.6207945687227829
5789,20190906,0.9571890567214668
5790,20190909,0.5625243590341548
5791,20190910,0.5688956825745315
5792,20190911,0.9585623224218565
5793,20190912,0.5536432724126371
5794,20190916,0.6930604760046315
5795,20190917,0.9192177090028384
5796,20190918,0.6851021127008082
5797,20190919,0.7903526724576313
5798,20190920,0.9984925777474023
5799,20190923,0.7169021493037586
5800,20190924,0.5506987004519567
5801,20190925,0.5810192569521998
5802,20190926,1.029186791908135
5803,20190927,0.8959509882738301
5804,20190930,1.2147759369705047
5805,20191008,0.40286688989281755
5806,20191009,0.8132185459881388
5807,20191010,0.5642399533856902
5808,20191011,0.6893818872010945
5809,20191014,0.6506417597334944
5810,20191015,2.661517701748767
5811,20191016,1.7203929493727037
5812,20191017,0.9031838498634014
5813,20191018,0.8306989130844254
5814,20191021,1.1396319052466448
5815,20191022,2.063580383163338
5816,20191023,0.6646902360000084
5817,20191024,0.4551675092696914
5818,20191025,0.6724238828244898
5819,20191028,0.7489997221890065
5820,20191029,0.5927031273818394
5821,20191030,1.2525134040392494
5822,20191031,0.9861915870144226
5823,20191101,1.323992135816308
5824,20191104,0.8409259450208162
5825,20191105,0.43926278151340126
5826,20191106,0.9143638329370241
5827,20191107,0.6682884389403321
5828,20191108,0.7206564810606865
5829,20191111,0.8933837077970013
5830,20191112,1.6296802235858578
5831,20191113,0.7047467871084483
5832,20191114,0.536336874641985
5833,20191115,1.1100754665155592
5834,20191118,0.38573891770582575
5835,20191119,0.7516458597091534
5836,20191120,0.9754578383803423
5837,20191121,0.4412236154093513
5838,20191122,0.3969755183853745
5839,20191125,0.24050552132559805
5840,20191126,0.6383982289257336
5841,20191127,0.5560289256040801
5842,20191128,0.957601162367527
5843,20191129,0.5012696457676858
5844,20191202,0.6961129559683877
5845,20191203,0.7715421755938039
5846,20191204,0.6006210471962202
5847,20191205,1.4578888914011074
5848,20191206,1.2146064945846504
5849,20191209,0.9486666699903472
5850,20191210,1.6807708980510947
5851,20191211,0.659166900105611
5852,20191212,1.2210229765607101
5853,20191213,0.482942238055795
5854,20191216,0.7577451781196234
5855,20191217,0.6799951265257962
5856,20191218,0.6899400140868471
5857,20191219,0.5379396692463785
5858,20191220,0.5866155237192716
5859,20191223,1.2066436175741788
5860,20191224,0.8738355148705352
5861,20191225,0.5428468291741805
5862,20191226,0.7582724236623346
5863,20191227,0.5286930005041095
5864,20191230,0.7579876340652023
5865,20191231,0.9167208737187256
5866,20200102,0.49792196842291037
5867,20200103,0.6523451662707348
5868,20200106,0.6627099244082216
5869,20200107,1.2497579779668746
5870,20200108,0.9219298237241398
5871,20200109,0.7004497113174192
5872,20200110,0.3868022361405445
5873,20200113,1.0578412760101108
5874,20200114,0.5630955285501321
5875,20200115,2.0301124121137715
5876,20200116,1.1288268474207923
5877,20200117,0.8785824319251901
5878,20200120,0.49259698998271656
5879,20200121,1.133477825849328
5880,20200122,3.1140145502913836
5881,20200123,3.0042630281743192
5882,20200203,4.990391061794411
5883,20200204,3.309725804312736
5884,20200205,0.99951782898131
5885,20200206,1.6159214746898811
5886,20200207,3.133963250485293
5887,20200210,5.376193973830709
5888,20200211,1.1552955884442715
5889,20200212,4.353508659400021
5890,20200213,2.2490976842688326
5891,20200214,2.1535632771733035
5892,20200217,0.8184297408725553
5893,20200218,1.2568369705343612
5894,20200219,1.568057270240822
5895,20200220,1.3704295474609118
5896,20200221,1.5544167860997475
5897,20200224,1.3607239029642424
5898,20200225,2.423965952340027
5899,20200226,1.715103720596646
5900,20200227,1.9852514649216957
5901,20200228,1.451864278207903
5902,20200302,1.0065574432607918
5903,20200303,1.0164150425517915
5904,20200304,0.9264853130433843
5905,20200305,1.4179969685792269
5906,20200306,1.5174357996433574
5907,20200309,1.9667044932805027
5908,20200310,1.6107738645214835
5909,20200311,1.4083334528382176
5910,20200312,2.1332193592869304
5911,20200313,2.654808529708528
5912,20200316,2.1152060330634
5913,20200317,1.7372219710624734
5914,20200318,1.9914573212566151
5915,20200319,1.2329696961733094
5916,20200320,1.166811049478341
5917,20200323,1.777133321338928
5918,20200324,1.9941619275351121
5919,20200325,1.3750114382854846
5920,20200326,1.667456686120299
5921,20200327,1.3837428443711097
5922,20200330,1.4552213559343594
5923,20200331,2.4481350854867734
5924,20200401,1.0856132555660853
5925,20200402,0.7441324177013572
5926,20200403,1.250968884968645
5927,20200407,3.1064124269075037
5928,20200408,3.265706786763406
5929,20200409,3.431778047965606
5930,20200410,1.687241204277019
5931,20200413,1.6347433191646465
5932,20200414,1.3773834439683994
5933,20200415,1.4064286145174316
5934,20200416,1.4884218625351167
5935,20200417,2.4374477501943144
5936,20200420,2.176529591063222
5937,20200421,0.8235771514676341
5938,20200422,1.263661187573049
5939,20200423,1.8620604350369139
5940,20200424,1.2770876355728837
5941,20200427,1.7895688847100222
5942,20200428,1.6225305265259142
5943,20200429,1.1703383886356904
5944,20200430,0.6132727918696278
5945,20200506,1.2715584788272951
5946,20200507,0.9619036590114078
5947,20200508,0.698642498542957
5948,20200511,1.033510057754432
5949,20200512,0.9221891425406541
5950,20200513,1.1992654165637158
5951,20200514,1.5037627338131208
5952,20200515,0.8128740051764051
5953,20200518,0.8919710957460452
5954,20200519,1.1915129722665256
5955,20200520,1.3241944060322082
5956,20200521,0.9775785083551797
5957,20200522,1.4911639401666297
5958,20200525,1.498452707752821
5959,20200526,1.2107628539192297
5960,20200527,1.1172092461075978
5961,20200528,1.2143985197799567
5962,20200529,1.2034050984714741
5963,20200601,1.1138090332008743
5964,20200602,0.7192629702658215
5965,20200603,0.7077143838654703
5966,20200604,1.0921410165860983
5967,20200605,1.4972013030243636
5968,20200608,1.1584325068605872
5969,20200609,0.829553614214252
5970,20200610,0.8348845451458677
5971,20200611,0.9550712098173245
5972,20200612,1.6576379399505812
5973,20200615,1.598650582480081
5974,20200616,0.847302689332364
5975,20200617,1.4962905150950234
5976,20200618,0.7873806520249522
5977,20200619,0.63819829254488
5978,20200622,0.6210354041252159
5979,20200623,0.4972182785276122
5980,20200624,0.8409324699399087
5981,20200629,0.6047290123925982
5982,20200630,0.5191966698326901
5983,20200701,0.42372219798538874
5984,20200702,0.7343061704552961
5985,20200703,0.7012838006442745
5986,20200706,0.6374050226673048
5987,20200707,0.61879509953177
5988,20200708,0.5696377246872518
5989,20200709,1.381265836666965
5990,20200710,0.8681461770363642
5991,20200713,1.3203513849966606
5992,20200714,1.2923372721908466
5993,20200715,1.4220780259067902
5994,20200716,0.9964752241474768
5995,20200717,0.8546728988370965
5996,20200720,0.7837569417394434
5997,20200721,0.631703399562164
5998,20200722,0.6828805994644545
5999,20200723,1.119806560140173
6000,20200724,1.2081279596116898
6001,20200727,0.9438642989609604
6002,20200728,0.7551354563493002
6003,20200729,1.1983702459274306
6004,20200730,0.8500484270712295
6005,20200731,0.6966123331868541
6006,20200803,1.2321490302833724
6007,20200804,0.6174367089338422
6008,20200805,1.1037548339912808
6009,20200806,0.9838034447791539
6010,20200807,1.0327291561934422
6011,20200810,0.4891568068826155
6012,20200811,0.8019938451248554
6013,20200812,0.8345651943065117
6014,20200813,2.001281179282414
6015,20200814,1.0021064458926014
6016,20200817,0.6538737095241577
6017,20200818,0.9370139299727664
6018,20200819,1.2585240873611399
6019,20200820,1.1599002902485145
6020,20200821,1.4885622417280355
6021,20200824,0.918469239666811
6022,20200825,1.364795427786937
6023,20200826,1.616155082728293
6024,20200827,0.7477024083733349
6025,20200828,0.7148060152508622
6026,20200831,2.6887152585263547
6027,20200901,2.8803858867013576
6028,20200902,2.0105589882768014
6029,20200903,1.3988396205201692
6030,20200904,1.0654020966592748
6031,20200907,0.902914243871026
6032,20200908,1.098260548266003
6033,20200909,0.9021318525027747
6034,20200910,1.304668856149854
6035,20200911,0.6957653900119221
6036,20200914,0.7532342517100487
6037,20200915,0.8163659980600587
6038,20200916,0.7792606031522794
6039,20200917,1.2330017504215136
6040,20200918,0.8037217531429768
6041,20200921,0.48492565270004273
6042,20200922,0.8082806931829477
6043,20200923,0.6647077209847769
6044,20200924,0.9653672065500782
6045,20200925,1.1542437280578164
6046,20200928,1.4877959958496834
6047,20200929,0.8727569789286952
6048,20200930,0.6335614300917335
6049,20201009,0.9525837881909102
6050,20201012,0.5970182641465019
6051,20201013,0.7486463506055769
6052,20201014,0.9555353539191394
6053,20201015,0.7810292355058731
6054,20201016,0.6809155805036405
6055,20201019,0.7654528519590338
6056,20201020,0.8857471436230617
6057,20201021,0.46123071693390794
6058,20201022,0.7460286520830995
6059,20201023,0.5857384811819663
6060,20201026,0.9615060920493954
6061,20201027,0.744249624770815
6062,20201028,0.892324028067163
6063,20201029,0.8344938288135723
6064,20201030,0.8249022908695073
6065,20201102,0.4094996893143491
6066,20201103,1.0994738898409044
6067,20201104,0.6163048123927097
6068,20201105,0.44989608015736055
6069,20201106,0.5356958704395046
6070,20201109,0.3777769975144322
6071,20201110,0.7572553104080635
6072,20201111,0.5613224103960527
6073,20201112,1.0101326977719198
6074,20201113,0.5776332307008258
6075,20201116,0.3417173500026686
6076,20201117,0.5964009069347062
6077,20201118,0.4624843803572703
6078,20201119,1.188621277689482
6079,20201120,0.8663445298137469
6080,20201123,0.553238844306034
6081,20201124,0.6756280126211227
6082,20201125,0.3631445867167428
6083,20201126,0.42855622371259045
6084,20201127,0.539203064891164
6085,20201130,0.363130429431506
6086,20201201,0.4336047241140534
6087,20201202,0.44550776150459853
6088,20201203,0.4525261437184566
6089,20201204,1.0364173304387445
6090,20201207,0.9148348000166165
6091,20201208,0.8968072277356484
6092,20201209,0.9570617004919937
6093,20201210,0.5308930808599602
6094,20201211,0.7892584134068591
6095,20201214,1.734768230609795
6096,20201215,0.7384191845425542
6097,20201216,1.9327553752383764
6098,20201217,0.5636306953802069
6099,20201218,0.6460972219578773
6100,20201221,1.2521281027699422
6101,20201222,1.019494139199609
6102,20201223,1.1465717643502875
6103,20201224,0.9671545806025894
6104,20201225,0.6453654110092861
6105,20201228,1.8418891562392299
6106,20201229,0.8353553108557802
6107,20201230,1.5545161867000556
6108,20201231,0.8267892486344193
6109,20210104,1.121790854929839
6110,20210105,0.63268154671796
6111,20210106,0.8100134694485229
6112,20210107,0.9038860784151743
6113,20210108,0.7691059245673486
6114,20210111,0.955649508244893
6115,20210112,0.4160825765739439
6116,20210113,1.1782277003294213
6117,20210114,0.9756923799493423
6118,20210115,0.5961691077524975
6119,20210118,0.6280802400136012
6120,20210119,0.593322984199741
6121,20210120,0.8346532024890421
6122,20210121,0.6787389718297905
6123,20210122,0.8166653106748908
6124,20210125,1.1652775656568841
6125,20210126,0.8875162281045481
6126,20210127,0.7188974869863097
6127,20210128,0.7212572368846227
6128,20210129,1.3440927854399936
6129,20210201,0.5585774616722805
6130,20210202,0.6482309022956046
6131,20210203,0.4987854236863936
6132,20210204,1.0212965112999415
6133,20210205,0.5026899288246529
6134,20210208,0.49294677722757724
6135,20210209,1.041081881424831
6136,20210210,0.8695293034088178
6137,20210218,0.4627363854509863
6138,20210219,0.7847553956420411
6139,20210222,0.6188840744657196
6140,20210223,0.6519400192274247
6141,20210224,0.5482072310666453
6142,20210225,0.7117470785392085
6143,20210226,0.6736991099514064
6144,20210301,0.43585406753422506
6145,20210302,0.6131601417283854
6146,20210303,0.5724040026240058
6147,20210304,0.3909102594714501
6148,20210305,0.5861017011328225
6149,20210308,0.38298166159991387
6150,20210309,0.8334221303462295
6151,20210310,0.6500697537093897
6152,20210311,0.5762466205430361
6153,20210312,0.5535207603990614
6154,20210315,0.30839366566111
6155,20210316,0.38350285569151893
6156,20210317,0.5782514614008949
6157,20210318,0.43153328236047506
6158,20210319,0.49698697669221265
6159,20210322,0.3639714238911584
6160,20210323,0.35909177685626553
6161,20210324,0.35339114310523845
6162,20210325,0.3956574446822208
6163,20210326,0.48394226001745044
6164,20210329,0.39603626895975524
6165,20210330,0.5547549056711523
6166,20210331,0.5630371137707518
6167,20210401,0.5365078524272809
6168,20210402,0.24405907087734452
6169,20210406,0.5451701812955912
6170,20210407,0.2478683959872697
6171,20210408,3.5030840538891734
6172,20210409,0.9572563094932518
6173,20210412,0.961156892527863
6174,20210413,0.786463417338052
6175,20210414,1.2734672171624588
6176,20210415,0.668233884819493
6177,20210416,0.586058729179257
6178,20210419,0.41821101400016236
6179,20210420,0.24362971122941662
6180,20210421,0.8028305261607143
6181,20210422,0.6218722676149554
6182,20210423,1.1840618642750933
6183,20210426,1.0466285615057933
6184,20210427,1.303306257331453
6185,20210428,0.4943516202767032
6186,20210429,0.7082972288817558
6187,20210430,0.8949889047343509
6188,20210506,2.694177297344826
6189,20210507,0.7037619657999001
6190,20210510,0.593556221329471
6191,20210511,0.5705393169506311
6192,20210512,0.6703803031866576
6193,20210513,1.4771660835821363
6194,20210514,0.9121466312056625
6195,20210517,1.0427654448242065
6196,20210518,0.7159469556297556
6197,20210519,0.5152452354498236
6198,20210520,0.7650620235460744
6199,20210521,1.1094522778504965
6200,20210524,0.48688385892269803
6201,20210525,0.4510860477085193
6202,20210526,0.6544345540244683
6203,20210527,0.3349401312812337
6204,20210528,0.8146823388106932
6205,20210531,0.7380937902531188
6206,20210601,1.1770589032543017
6207,20210602,0.9428397018412937
6208,20210603,0.55703198044545
6209,20210604,0.5407440514247279
6210,20210607,0.3495222444340824
6211,20210608,0.5855202452668988
6212,20210609,0.42875875859544654
6213,20210610,0.33768561979137346
6214,20210611,0.43218549706770576
6215,20210615,0.9115307961982687
6216,20210616,0.43334904170744154
6217,20210617,0.7318776411656669
6218,20210618,0.365526415138791
6219,20210621,0.3823864620288109
6220,20210622,0.24124953588584835
6221,20210623,0.5514621232441351
6222,20210624,0.3952132575088419
6223,20210625,0.37369572144730884
6224,20210628,0.3232912736199914
6225,20210629,0.49825525253510966
6226,20210630,0.27391290941299984
6227,20210701,0.49139362563916195
6228,20210702,0.597888261311354
6229,20210705,0.3862017254605459
6230,20210706,0.28931150393486615
6231,20210707,0.2315311618214077
6232,20210708,0.2934267087596343
6233,20210709,0.4394566215535764
6234,20210712,0.27287957461027196
6235,20210713,0.31453791738959697
6236,20210714,0.29497000182605393
6237,20210715,0.6866677772248728
6238,20210716,0.22932508639258886
6239,20210719,0.3577900135677581
6240,20210720,0.7930684075920876
6241,20210721,0.5766633342160159
6242,20210722,1.1402326027809175
6243,20210723,0.6117832246465633
6244,20210726,0.5753653600536518
6245,20210727,0.7311561388374973
6246,20210728,0.742349021261771
6247,20210729,0.4994563320887024
6248,20210730,0.8143091855377804
6249,20210802,0.4132072796567226
6250,20210803,0.6765814502740681
6251,20210804,0.3689941758267033
6252,20210805,0.6415864323984038
6253,20210806,0.5457194331822317
6254,20210809,0.6021424427314682
6255,20210810,0.5812032580792753
6256,20210811,0.4547976483894231
6257,20210812,0.3674377478080433
6258,20210813,0.40020776378322975
6259,20210816,0.292843036451066
6260,20210817,0.6037966471829422
6261,20210818,0.38816526179903865
6262,20210819,0.546352034889008
6263,20210820,0.5038525613428794
6264,20210823,0.5736323642743295
6265,20210824,0.4361852963475922
6266,20210825,1.6906543860342027
6267,20210826,0.5533152384246667
6268,20210827,0.472168539468955
6269,20210830,0.46389273098995143
6270,20210831,0.579628163087397
6271,20210901,0.29797772818613055
6272,20210902,0.4338321199588881
6273,20210903,0.8491044303079632
6274,20210906,0.5082737514824113
6275,20210907,0.6585606983349808
6276,20210908,0.7199221375327347
6277,20210909,0.7682477597417076
6278,20210910,0.5240870902989724
6279,20210913,0.6023979934571971
6280,20210914,0.6814274791811469
6281,20210915,0.44560551788256875
6282,20210916,0.4902179402672928
6283,20210917,0.4655852206729837
6284,20210922,0.45860721320672165
6285,20210923,0.5474584612530284
6286,20210924,0.4009293627288792
6287,20210927,0.8608594875115424
6288,20210928,0.7411588768731312
6289,20210929,0.8544099596324932
6290,20210930,1.717591360490708
6291,20211008,1.1256650999066509
6292,20211011,0.6449317893006496
6293,20211012,0.6267490688197305
6294,20211013,0.989908342034356
6295,20211014,0.7680904284372221
6296,20211015,0.9582892678753492
6297,20211018,0.9407619400924399
6298,20211019,0.5872630809556959
6299,20211020,0.5703785889381552
6300,20211021,1.9048553173886151
6301,20211022,1.0367638395350414
6302,20211025,0.9364370395252881
6303,20211026,1.8284504236520058
6304,20211027,0.8075979641371122
6305,20211028,0.8707999145031579
6306,20211029,2.1600918662914514
6307,20211101,1.113611188293728
6308,20211102,0.7489340293390583
6309,20211103,0.8812554363573206
6310,20211104,1.1135335705128337
6311,20211105,1.0503067945975773
6312,20211108,2.0030596689847124
6313,20211109,1.3342962606422877
6314,20211110,1.1238714400836871
6315,20211111,0.8443927916265291
6316,20211112,2.1690058111116812
6317,20211115,1.7854303987475073
6318,20211116,1.3448807221324242
6319,20211117,1.211749552896998
6320,20211118,1.3292737170177498
6321,20211119,0.8041832180220897
6322,20211122,0.9438924806046182
6323,20211123,1.6073535166139297
6324,20211124,0.9996208167222784
6325,20211125,0.9188574677482314
6326,20211126,0.9966173855051269
6327,20211129,1.266131201521534
6328,20211130,0.8966983383181052
6329,20211201,0.6828875653869798
6330,20211202,0.6788470883637984
6331,20211203,0.6246910716804331
6332,20211206,0.3983926261155625
6333,20211207,1.0598981270195296
6334,20211208,0.9363408739630734
6335,20211209,0.7971828537582687
6336,20211210,1.071604645043086
6337,20211213,0.5595979720267944
6338,20211214,0.7006421847782504
6339,20211215,0.5622014993946681
6340,20211216,2.164780031317152
6341,20211217,0.7635596351456323
6342,20211220,0.8457366240034756
6343,20211221,0.9934006363805334
6344,20211222,1.6576380494157508
6345,20211223,2.6562535603240023
6346,20211224,1.5270809387961635
6347,20211227,3.32595664451331
6348,20211228,2.37478562301122
6349,20211229,4.717551087173905
6350,20211230,1.3395660038051633
6351,20211231,2.4954267802770147
6352,20220104,0.7263022705262455
6353,20220105,1.510295914799265
6354,20220106,1.0461041500940276
6355,20220107,1.129196654842801
6356,20220110,1.1585508592384393
6357,20220111,0.9830220683390772
6358,20220112,0.6782350136587643
6359,20220113,1.79055443099247
6360,20220114,3.7851183120599017
6361,20220117,2.8349859612910984
6362,20220118,2.2451019715719656
6363,20220119,3.0434960031374056
6364,20220120,1.8424681732220671
6365,20220121,3.354628813611515
6366,20220124,2.0825071311472145
6367,20220125,2.600579507783272
6368,20220126,3.013096945840932
6369,20220127,3.1516695710634126
6370,20220128,2.7020858019594054
6371,20220207,1.1532590274026961
6372,20220208,1.5686786718101469
6373,20220209,1.0732925803623108
6374,20220210,3.4252755881886134
6375,20220211,1.2914013425158117
6376,20220214,1.972266899513249
6377,20220215,2.504897768355172
6378,20220216,2.839272711121436
6379,20220217,2.172851574603108
6380,20220218,2.6137152730554587
6381,20220221,2.273392970145297
6382,20220222,2.155221193878721
6383,20220223,1.6096343662240589
6384,20220224,1.742669321259419
6385,20220225,0.9399602693390509
6386,20220228,1.2568141677094973
6387,20220301,0.8755165621323153
6388,20220302,0.9914886739267255
6389,20220303,2.65990392543243
6390,20220304,1.5665040927615423
6391,20220307,1.9258563471040349
6392,20220322,0.0
6393,20220323,0.0
6394,20220324,0.42168560120585824
6395,20220325,4.660963200903071
6396,20220328,4.439770293247126
6397,20220329,3.0369439590810994
6398,20220330,1.9690673221003119
6399,20220331,1.5574118096470444
6400,20220401,1.921282927015005
6401,20220406,0.8860665737535227
6402,20220407,1.4568679204607686
6403,20220408,1.4131075194230447
6404,20220411,1.252491556354796
6405,20220412,1.7719939517331613
6406,20220413,0.7812127291207809
6407,20220414,1.4416497516160152
6408,20220415,1.1502473255144534
6409,20220418,1.3624209890668468
6410,20220419,2.0286586979604935
6411,20220420,0.9104191126890453
6412,20220421,1.7568751465414523
6413,20220422,1.1430660740087455
6414,20220425,1.4187877955622403
6415,20220426,1.2912440849516664
6416,20220427,1.4777240449219424
6417,20220428,1.3154755599571084
6418,20220429,1.0833775335999154
6419,20220505,2.4182653408956205
6420,20220506,3.100039364725333
6421,20220509,1.6146098433304086
6422,20220510,0.8677934263597417
6423,20220511,1.6701663714599764
6424,20220512,1.2063235476343332
6425,20220513,0.7877131543046537
6426,20220516,0.9184213983814392
6427,20220517,1.1639807784763416
6428,20220518,1.0564145928478903
6429,20220519,0.9259208119963281
6430,20220520,0.6927926120799169
6431,20220523,1.4232687852646948
6432,20220524,1.4720819764040243
6433,20220525,1.9838941645831565
6434,20220526,0.9658612969177981
6435,20220527,2.146942614102536
6436,20220530,1.123509933101892
6437,20220531,2.826504512963165
6438,20220601,0.8479600342522753
6439,20220602,1.3998665228552707
6440,20220606,2.260284014463167
6441,20220607,1.2818689693930791
6442,20220608,1.3639976933543725
6443,20220609,0.9965445032395671
6444,20220610,1.1196349857717955
6445,20220613,3.0747906484782628
6446,20220614,1.484713419555954
6447,20220615,0.868888416452241
6448,20220616,1.9869956208553066
6449,20220617,1.2055348280034528
6450,20220620,2.7153950878031066
6451,20220621,1.734511517773858
6452,20220622,1.2722246994926387
6453,20220623,1.3158261489890313
6454,20220624,1.0822869181512118
6455,20220627,1.5504053502746407
6456,20220628,0.7285162600914987
6457,20220629,1.9822295536317924
6458,20220630,1.23609174894976
6459,20220701,2.1188909739647337
6460,20220704,1.9888227954242401
6461,20220705,0.7888321531022282
6462,20220706,1.8722156499692748
6463,20220707,0.9258281468877297
6464,20220708,1.015174995044465
6465,20220711,0.9009688335374765
6466,20220712,1.1783613614306567
6467,20220713,1.2145691555381084
6468,20220714,1.3013767183455667
6469,20220715,0.594519715692794
6470,20220718,0.8954423955950209
6471,20220719,1.0597496935675295
6472,20220720,0.5086941408930548
6473,20220721,0.908637688001294
6474,20220722,0.8512394563558532
6475,20220725,1.224763716038528
6476,20220726,1.1247246282213492
6477,20220727,0.40425830022855924
6478,20220728,0.5119748212456953
6479,20220729,0.813014091367933
6480,20220801,1.2492711824311067
6481,20220802,1.3628759774654404
6482,20220803,1.166625342500252
6483,20220804,1.6309708324710137
6484,20220805,2.8231498809609854
6485,20220808,0.793625122752517
6486,20220809,1.2725479702212281
6487,20220810,1.317698989871732
6488,20220811,1.9743813879239698
6489,20220812,1.3659308263922219
6490,20220815,1.2398889403638924
6491,20220816,3.6074163433318236
6492,20220817,4.291565290748219
6493,20220818,2.597928930873759
6494,20220819,1.8452211388158346
6495,20220822,1.1486162968538844
6496,20220823,1.5229135393521376
6497,20220824,1.2347210789201672
6498,20220825,1.1404752624059857
6499,20220826,1.1901488238076297
6500,20220829,1.3185023694667422
6501,20220830,0.8700263697777668
6502,20220831,1.4274230852101537
6503,20220901,0.9041868956280524
6504,20220902,0.8319624156433088
6505,20220905,1.6243589934485554
6506,20220906,0.9120480524657905
6507,20220907,0.8670124724176315
6508,20220908,1.2367240137406215
6509,20220909,0.8673006815979306
6510,20220913,0.95299659350108
6511,20220914,0.8075063912720932
6512,20220915,1.3751828214693185
6513,20220916,0.8217593567026044
6514,20220919,0.9602379694996522
6515,20220920,1.5147720679821985
6516,20220921,1.5783099358107682
6517,20220922,0.769545259086203
6518,20220923,1.2229493778217422
6519,20220926,0.9648082763883469
6520,20220927,1.2574565225901886
6521,20220928,1.4361337104743348
6522,20220929,0.937888497386286
6523,20220930,1.073880520745329
6524,20221010,1.5053991402977784
6525,20221011,1.3494088202807781
6526,20221012,1.2413282393499836
6527,20221013,1.0995959958365429
6528,20221014,1.501706887520875
6529,20221017,1.646689793883922
6530,20221018,1.128480096265161
6531,20221019,2.0272498423600087
6532,20221020,1.171594868154831
6533,20221021,1.2792100479512671
6534,20221024,1.1534227617640367
6535,20221025,1.2525922183081482
6536,20221026,0.9056798176764911
6537,20221027,1.1561203006495617
6538,20221028,1.5452436211445117
6539,20221031,1.3228297361954349
6540,20221101,0.5861570815152944
6541,20221102,1.8574183116179508
6542,20221104,2.526879199308842
6543,20221107,1.2986161849110591
6544,20221108,0.7692556281073024
6545,20221109,0.9283783027211767
6546,20221110,1.4122655751034767
6547,20221111,2.035398637365219
6548,20221114,0.585873927778834
6549,20221115,0.48715922324599065
6550,20221116,2.0536826888929496
6551,20221117,2.3336125241403622
6552,20221118,1.9830709763052232
6553,20221121,1.126801027120607
6554,20221122,1.210522107518767
6555,20221123,1.1653260543429842
6556,20221124,1.9629497782607073
6557,20221125,1.3541721242410982
6558,20221128,0.753460927635533
6559,20221129,0.7779749550489894
6560,20221130,0.6441775813397304
6561,20221201,0.4982810975507377
6562,20221202,0.7663785375193088
6563,20221205,1.0431474259969264
6564,20221206,0.5567332259668343
6565,20221207,1.006977199539956
6566,20221208,1.9366477003506268
6567,20221209,1.3115169328749272
6568,20221212,0.7491040995570734
6569,20221213,0.920705221879854
6570,20221214,1.226797496843641
6571,20221215,1.8217794184736882
6572,20221216,1.6094815691432522
6573,20221219,1.6949052776085842
6574,20221220,0.798790230892956
6575,20221221,1.476202806640709
6576,20221222,1.2782490541340854
6577,20221223,0.6831135217940049
6578,20221226,0.6924566901829378
6579,20221227,0.8778325045568334
6580,20221228,0.4586018025212007
6581,20221229,0.47242853609758706
6582,20221230,0.825545637169026
6583,20230103,1.328186329162817
6584,20230104,1.4090830482213788
6585,20230105,1.1954213238882516
6586,20230106,0.6831979232835296
6587,20230109,0.8189391227818187
6588,20230110,0.7077657557185426
6589,20230111,0.6387097142330942
6590,20230112,0.6809536036531272
6591,20230113,0.6867852909493709
6592,20230116,0.45641840210516793
6593,20230117,0.9019936239096975
6594,20230118,0.6679856041915053
6595,20230119,0.6481761419289245
6596,20230120,1.810874099855352
6597,20230130,0.7273052398927711
6598,20230131,0.606486849595304
6599,20230201,0.9249915177216145
6600,20230202,0.7747515801316432
6601,20230203,0.7154655141413546
6602,20230206,0.7658681494668403
6603,20230207,0.6884819444604787
6604,20230208,0.8504552930954494
6605,20230209,1.2145470183158575
6606,20230210,0.7545111895247057
6607,20230213,1.208601562684493
6608,20230214,0.9446224310204511
6609,20230215,0.8882876985915348
6610,20230216,1.0508625587302933
6611,20230217,0.8763711534867049
6612,20230220,0.41903188209185255
6613,20230221,0.8845329223262227
6614,20230222,0.6751120193525394
6615,20230223,0.6350042025815209
6616,20230224,0.9819540999776254
6617,20230227,0.8072058242908293
6618,20230228,0.7247473711630499
6619,20230301,0.6613059767072423
6620,20230302,0.6064295289260614
6621,20230303,0.5400986724011203
6622,20230306,0.6649885429059497
6623,20230307,0.9163394639178895
6624,20230308,0.5094319825476904
6625,20230309,0.5034154506032169
6626,20230310,1.1925336351169598
6627,20230313,0.7906838050773398
6628,20230314,0.9716240990610038
6629,20230315,0.7533270135614891
6630,20230316,0.48852343965741535
6631,20230317,0.49151634931817156
6632,20230320,0.5926674175690826
6633,20230321,0.4556988808040609
6634,20230322,0.6512140649013698
6635,20230323,0.5022366924251421
6636,20230324,0.612991117195762
6637,20230327,0.6035180030946058
6638,20230328,1.1600032208565418
6639,20230329,1.0352630365907267
6640,20230330,0.8630530915431206
6641,20230331,0.6169518789976052
6642,20230403,0.4895818132125368
6643,20230404,0.6045309003714464
6644,20230406,0.8799369259617632
6645,20230407,2.1635039716700666
6646,20230410,0.5477338113490122
6647,20230411,0.7200472947143693
6648,20230412,0.5005724916262116
6649,20230413,0.3942028535421722
6650,20230414,0.8313734850621552
6651,20230417,0.48636092466737524
6652,20230418,0.5124255328400793
6653,20230419,0.4176718243506508
6654,20230420,0.4858904419274853
6655,20230421,0.7989526610149711
6656,20230424,0.8856135292870551
6657,20230425,1.1979526729102166
6658,20230426,0.5440326657760697
6659,20230427,1.2501881901108263
6660,20230428,1.1866314841045051
6661,20230504,0.5025624706382048
6662,20230505,0.6396300225694681
6663,20230508,0.31739177709007316
6664,20230509,0.43915603496872224
6665,20230510,0.441944467914749
6666,20230511,0.3118839875106696
6667,20230512,0.36150653073867284
6668,20230515,0.4346034295555129
6669,20230516,0.37712227875149246
6670,20230517,0.4300718403031023
6671,20230518,0.6122050885117482
6672,20230519,0.4708852650127779
6673,20230522,0.38239500574148133
6674,20230523,0.3865146052012036
6675,20230524,0.6616700780002926
6676,20230525,0.9043710792463964
6677,20230526,0.5683583448895846
6678,20230529,1.8029716209001545
6679,20230530,0.641784685228749
6680,20230531,0.83568743227354
6681,20230601,0.5348356004912685
6682,20230602,0.4828192216672682
6683,20230605,0.42396616643304946
6684,20230606,0.5857009151939427
6685,20230607,0.7161383537278532
6686,20230608,0.6990012498785679
6687,20230609,3.5923931817556913
6688,20230612,1.4484830280134697
6689,20230613,1.0527321416242552
6690,20230614,0.726755327215258
6691,20230615,0.5007055700774659
6692,20230616,0.4229843847781856
6693,20230619,0.4392485376285155
6694,20230620,0.7691301047192604
6695,20230621,0.509558892572963
6696,20230626,0.8104378685501239
6697,20230627,0.5413448429797472
6698,20230628,0.5482431513218449
6699,20230629,0.5175927006034935
6700,20230630,1.235415888485349
6701,20230703,0.5722549453568432
6702,20230704,0.2974442731466627
6703,20230705,0.3239837125283868
6704,20230706,0.5598211403468268
6705,20230707,1.050886372790973
6706,20230710,0.5503835087346091
6707,20230711,0.2631710508283767
6708,20230712,0.5097165409074984
6709,20230713,0.44828273763553234
6710,20230714,0.23167806894847065
6711,20230717,0.621306368398621
6712,20230718,0.5092030730797082
6713,20230719,0.5652096470126585
6714,20230720,0.4642616885666399
6715,20230721,1.0386211387916722
